Brand,Range,Fast Charging L3,Mileage,Performance,Seats,Exterior color,Interior color,Charging type,Battery warranty,VIN,Year,Battery size,URL,Title,Price
Tesla,272 mi,30 minutes,755 mi,271 HP,Up to 5,White,Black,NACS (J3400) DC fast charge connector,96 month/100000 miles,5YJ3E1EA9RF745964,2024,60 kWh,https://ev.com/vehicle/b8qsxi,2024TeslaModel 3Rear-Wheel Drive,"$23,738"
Tesla,272 mi,25 minutes,"1,826 mi",271 HP,Up to 5,White,White/Black,NACS (J3400) DC fast charge connector,96 month/100000 miles,5YJ3E1EA1MF092149,2021,50 kWh,https://ev.com/vehicle/u9mjgm,2021TeslaModel 3Standard Range Plus Rear-Wheel Drive,"$17,890"
Tesla,337 mi,25 minutes,"4,982 mi",295 HP,Up to 5,White,Black,NACS (J3400) DC fast charge connector,96 month/120000 miles,7SAYGDEDXRF132766,2024,60 kWh,https://ev.com/vehicle/j890ui,2024TeslaModel YLong Range Dual Motor All-Wheel Drive,"$25,136"
Tesla,311 mi,30 minutes,"2,670 mi",425 HP,Up to 5,Blue,Black,NACS (J3400) DC fast charge connector,96 month/120000 miles,7SAYGAEEXSF295463,2025,81 kWh,https://ev.com/vehicle/du1n4u,2025TeslaModel YLong Range Dual Motor All-Wheel Drive,"$29,165"
Tesla,260 mi,25 minutes,"1,666 mi",295 HP,Up to 5,Gray,Black,NACS (J3400) DC fast charge connector,96 month/120000 miles,7SAYGDED4PF971972,2023,60 kWh,https://ev.com/vehicle/rav6ns,2023TeslaModel YRWD,"$20,228"
Tesla,325 mi,Coming Soon,"3,611 mi",600 HP,Up to 5,Silver,Black,NACS (J3400) DC fast charge connector,96 month/150000 miles,7G2CEHED0RA037597,2024,123 kWh,https://ev.com/vehicle/2r0432,2024TeslaCybertruckAll-Wheel Drive,"$64,993"
Tesla,310 mi,27 minutes,"20,916 mi",271 HP,Up to 5,N/A,N/A,NACS (J3400) DC fast charge connector,96 month/120000 miles,5YJ3E1EA9JF017677,2018,75 kWh,https://ev.com/vehicle/jqq6rt,2018TeslaModel 3Long Range,"$9,231"
Tesla,396 mi,30 minutes,"3,559 mi",1020 HP,Up to 5,Gray,Cream,NACS (J3400) DC fast charge connector,96 month/150000 miles,5YJSA1E65NF488492,2022,100 kWh,https://ev.com/vehicle/177js9,2022TeslaModel SPlaid Tri Motor All-Wheel Drive,"$48,395"
Tesla,405 mi,30 minutes,"15,736 mi",670 HP,Up to 5,Black,Black,NACS (J3400) DC fast charge connector,96 month/150000 miles,5YJSA1E55NF478293,2022,100 kWh,https://ev.com/vehicle/gib2fl,2022TeslaModel SDual Motor All-Wheel Drive,"$32,883"
Tesla,329 mi,30 minutes,"5,848 mi",670 HP,Up to 5,Silver,White,NACS (J3400) DC fast charge connector,96 month/150000 miles,7SAXCDE52RF449487,2024,100 kWh,https://ev.com/vehicle/kosxkv,2024TeslaModel XLong Range,"$59,379"
Tesla,311 mi,30 minutes,"9,923 mi",425 HP,Up to 5,Black,White/Black,NACS (J3400) DC fast charge connector,96 month/120000 miles,7SAYGDEE0RA234986,2024,81 kWh,https://ev.com/vehicle/y9tyil,2024TeslaModel YLong Range Dual Motor All-Wheel Drive,"$26,173"
Tesla,325 mi,Coming Soon,"8,273 mi",600 HP,Up to 5,Blue,Tactical Grey,NACS (J3400) DC fast charge connector,96 month/150000 miles,7G2CEHED5RA034520,2024,123 kWh,https://ev.com/vehicle/h2qp1t,2024TeslaCybertruckAll-Wheel Drive,"$65,185"
Tesla,325 mi,Coming Soon,"7,379 mi",600 HP,Up to 5,N/A,Black,NACS (J3400) DC fast charge connector,96 month/150000 miles,7G2CEHED7RA049603,2024,123 kWh,https://ev.com/vehicle/xetl24,2024TeslaCybertruckAll-Wheel Drive,"$62,940"
Tesla,272 mi,30 minutes,"15,410 mi",271 HP,Up to 5,Blue,Black,NACS (J3400) DC fast charge connector,96 month/100000 miles,5YJ3E1EA3PF475112,2023,60 kWh,https://ev.com/vehicle/a2b4ww,2023TeslaModel 3Rear-Wheel Drive,"$16,431"
Tesla,272 mi,30 minutes,"33,338 mi",271 HP,Up to 5,White,N/A,NACS (J3400) DC fast charge connector,96 month/100000 miles,5YJ3E1EA3PF451327,2023,60 kWh,https://ev.com/vehicle/0nb762,2023TeslaModel 3Rear-Wheel Drive,"$16,740"
Tesla,272 mi,30 minutes,"39,791 mi",271 HP,Up to 5,Silver,White/Black,NACS (J3400) DC fast charge connector,96 month/100000 miles,5YJ3E1EA6NF102899,2022,50 kWh,https://ev.com/vehicle/7j00ca,2022TeslaModel 3Rear-Wheel Drive,"$10,540"
Tesla,333 mi,30 minutes,"20,579 mi",425 HP,Up to 5,White,White,NACS (J3400) DC fast charge connector,96 month/120000 miles,5YJ3E1EB2PF594004,2023,82 kWh,https://ev.com/vehicle/79j2hi,2023TeslaModel 3Long Range Dual Motor All-Wheel Drive,"$18,011"
Tesla,272 mi,30 minutes,"14,929 mi",271 HP,Up to 5,Blue,Black,NACS (J3400) DC fast charge connector,96 month/100000 miles,5YJ3E1EA5PF545774,2023,60 kWh,https://ev.com/vehicle/t97puj,2023TeslaModel 3Rear-Wheel Drive,"$14,140"
Tesla,272 mi,30 minutes,"23,010 mi",271 HP,Up to 5,Black,Black,NACS (J3400) DC fast charge connector,96 month/100000 miles,5YJ3E1EA4PF661127,2023,60 kWh,https://ev.com/vehicle/7tnium,2023TeslaModel 3Rear-Wheel Drive,"$14,240"
Tesla,346 mi,30 minutes,"7,710 mi",425 HP,Up to 5,White,White/Black,NACS (J3400) DC fast charge connector,96 month/120000 miles,5YJ3E1EBXRF821989,2024,82 kWh,https://ev.com/vehicle/6d93sh,2024TeslaModel 3Long Range Dual Motor All-Wheel Drive,"$26,440"
Tesla,272 mi,30 minutes,"9,537 mi",271 HP,Up to 5,Blue,Black,NACS (J3400) DC fast charge connector,96 month/100000 miles,5YJ3E1EA1RF786895,2024,60 kWh,https://ev.com/vehicle/bl4fo0,2024TeslaModel 3Rear-Wheel Drive,"$23,090"
Tesla,363 mi,30 minutes,365 mi,295 HP,Up to 5,White,Black,NACS (J3400) DC fast charge connector,96 month/120000 miles,5YJ3E1EA7SF922310,2025,82 kWh,https://ev.com/vehicle/pa38fb,2025TeslaModel 3Long Range Rear-Wheel Drive,"$28,240"
Tesla,272 mi,30 minutes,"12,326 mi",271 HP,Up to 5,White,White,NACS (J3400) DC fast charge connector,96 month/100000 miles,5YJ3E1EAXPF545124,2023,60 kWh,https://ev.com/vehicle/grs2z9,2023TeslaModel 3Rear-Wheel Drive,"$15,238"
Tesla,272 mi,30 minutes,"3,249 mi",271 HP,Up to 5,Gray,Black,NACS (J3400) DC fast charge connector,96 month/100000 miles,5YJ3E1EA2PF601119,2023,60 kWh,https://ev.com/vehicle/q8eqoe,2023TeslaModel 3Rear-Wheel Drive,"$18,580"
Tesla,272 mi,30 minutes,"19,329 mi",271 HP,Up to 5,White,Black,NACS (J3400) DC fast charge connector,96 month/100000 miles,5YJ3E1EA8PF501025,2023,60 kWh,https://ev.com/vehicle/i1723s,2023TeslaModel 3Rear-Wheel Drive,"$16,427"
Tesla,272 mi,30 minutes,"39,642 mi",271 HP,Up to 5,Black,Black,NACS (J3400) DC fast charge connector,96 month/100000 miles,5YJ3E1EA5PF570660,2023,60 kWh,https://ev.com/vehicle/6bam73,2023TeslaModel 3Rear-Wheel Drive,"$11,734"
Tesla,272 mi,30 minutes,"17,454 mi",271 HP,Up to 5,White,Black,NACS (J3400) DC fast charge connector,96 month/100000 miles,5YJ3E1EA7PF574760,2023,60 kWh,https://ev.com/vehicle/99rr6s,2023TeslaModel 3Rear-Wheel Drive,"$14,228"
Tesla,363 mi,30 minutes,295 mi,295 HP,Up to 5,White,"""BK""",NACS (J3400) DC fast charge connector,96 month/120000 miles,5YJ3E1EA9SF984694,2025,82 kWh,https://ev.com/vehicle/1cblz1,2025TeslaModel 3Long Range Rear-Wheel Drive,"$32,735"
Tesla,315 mi,30 minutes,"12,045 mi",455 HP,Up to 5,[PBSB] Solid Black,Black,NACS (J3400) DC fast charge connector,96 month/120000 miles,5YJ3E1EC5MF926070,2021,82 kWh,https://ev.com/vehicle/bx7f95,2021TeslaModel 3Performance Dual Motor All-Wheel Drive,"$16,235"
Tesla,405 mi,30 minutes,"20,581 mi",670 HP,Up to 5,Silver,Black,NACS (J3400) DC fast charge connector,96 month/150000 miles,5YJSA1E58MF429488,2021,100 kWh,https://ev.com/vehicle/1w1js7,2021TeslaModel SLong Range Dual Motor All-Wheel Drive,"$32,532"
Tesla,396 mi,30 minutes,"15,896 mi",1020 HP,Up to 5,Red,Black/White,NACS (J3400) DC fast charge connector,96 month/150000 miles,5YJSA1E66PF499102,2023,100 kWh,https://ev.com/vehicle/zdhhap,2023TeslaModel SPlaid Tri Motor All-Wheel Drive,"$59,742"
Tesla,405 mi,30 minutes,"9,565 mi",670 HP,Up to 5,Gray,Black,NACS (J3400) DC fast charge connector,96 month/150000 miles,5YJSA1E50PF527953,2023,100 kWh,https://ev.com/vehicle/0vyi90,2023TeslaModel SDual Motor All-Wheel Drive,"$41,783"
Tesla,329 mi,30 minutes,"14,159 mi",670 HP,Up to 5,Red,Cream,NACS (J3400) DC fast charge connector,96 month/150000 miles,7SAXCAE5XRF449414,2024,100 kWh,https://ev.com/vehicle/ckxmmm,2024TeslaModel XLong Range,"$54,673"
Tesla,330 mi,30 minutes,"31,059 mi",425 HP,Up to 5,Gray,Black,NACS (J3400) DC fast charge connector,96 month/120000 miles,7SAYGDEE0PF845598,2023,81 kWh,https://ev.com/vehicle/h8x9v3,2023TeslaModel YLong Range Dual Motor All-Wheel Drive,"$21,240"
Tesla,330 mi,30 minutes,"15,093 mi",425 HP,Up to 5,Black,Black,NACS (J3400) DC fast charge connector,96 month/120000 miles,7SAYGAEE9PF876184,2023,81 kWh,https://ev.com/vehicle/1eov7d,2023TeslaModel YLong Range Dual Motor All-Wheel Drive,"$19,649"
Tesla,330 mi,30 minutes,"18,936 mi",425 HP,Up to 5,White,Black,NACS (J3400) DC fast charge connector,96 month/120000 miles,7SAYGDEEXPA103934,2023,81 kWh,https://ev.com/vehicle/ysi5hk,2023TeslaModel YLong Range Dual Motor All-Wheel Drive,"$18,727"
Tesla,337 mi,25 minutes,"11,427 mi",295 HP,Up to 5,Gray,Black,NACS (J3400) DC fast charge connector,96 month/120000 miles,7SAYGDED9RF186463,2024,60 kWh,https://ev.com/vehicle/yn7eqo,2024TeslaModel YLong Range Dual Motor All-Wheel Drive,"$23,397"
Tesla,277 mi,30 minutes,"8,925 mi",455 HP,Up to 5,Stealth Gray,Black,NACS (J3400) DC fast charge connector,96 month/120000 miles,7SAYGDEF7SF218415,2025,81 kWh,https://ev.com/vehicle/qwghej,2025TeslaModel YPerformance Dual Motor All-Wheel Drive,"$33,800"
Tesla,330 mi,30 minutes,"40,024 mi",425 HP,Up to 5,White,Black,NACS (J3400) DC fast charge connector,96 month/120000 miles,7SAYGDEE6PA068597,2023,81 kWh,https://ev.com/vehicle/69bl9g,2023TeslaModel YLong Range Dual Motor All-Wheel Drive,"$17,675"
Tesla,303 mi,30 minutes,"6,169 mi",455 HP,Up to 5,White,N/A,NACS (J3400) DC fast charge connector,96 month/120000 miles,7SAYGDEF5NF347953,2022,81 kWh,https://ev.com/vehicle/woo7cz,2022TeslaModel YPerformance Dual Motor All-Wheel Drive,"$19,674"
Tesla,303 mi,30 minutes,"24,745 mi",455 HP,Up to 5,Red,White,NACS (J3400) DC fast charge connector,96 month/120000 miles,7SAYGDEF0NF344295,2022,81 kWh,https://ev.com/vehicle/6rovqv,2022TeslaModel YPerformance Dual Motor All-Wheel Drive,"$17,674"
Tesla,260 mi,25 minutes,"6,206 mi",295 HP,Up to 5,Silver,Black,NACS (J3400) DC fast charge connector,96 month/120000 miles,7SAYGDED1PF959570,2023,60 kWh,https://ev.com/vehicle/pxeio9,2023TeslaModel YRWD,"$19,175"
Tesla,337 mi,25 minutes,902 mi,295 HP,Up to 5,[PBSB] Solid Black,Black and White,NACS (J3400) DC fast charge connector,96 month/120000 miles,7SAYGDED5RF092855,2024,60 kWh,https://ev.com/vehicle/vwdd78,2024TeslaModel YLong Range Dual Motor All-Wheel Drive,"$19,155"
Tesla,320 mi,Coming Soon,"3,180 mi",845 HP,Up to 5,Silver,Black,NACS (J3400) DC fast charge connector,96 month/150000 miles,7G2CEHEEXRA043416,2024,123 kWh,https://ev.com/vehicle/ebqwur,2024TeslaCybertruckCyberbeast,"$83,185"
Tesla,325 mi,Coming Soon,"5,132 mi",600 HP,Up to 5,Gray,Black,NACS (J3400) DC fast charge connector,96 month/150000 miles,7G2CEHED9RA021480,2024,123 kWh,https://ev.com/vehicle/fovhzn,2024TeslaCybertruckAll-Wheel Drive,"$63,195"
Tesla,320 mi,Coming Soon,"3,988 mi",845 HP,Up to 5,Silver,Black,NACS (J3400) DC fast charge connector,96 month/150000 miles,7G2CEHEE7RA032339,2024,123 kWh,https://ev.com/vehicle/8lfrtn,2024TeslaCybertruckCyberbeast,"$85,994"
Tesla,358 mi,30 minutes,"34,871 mi",425 HP,Up to 5,Silver,White/Black,NACS (J3400) DC fast charge connector,96 month/120000 miles,5YJ3E1EB9NF228876,2022,82 kWh,https://ev.com/vehicle/6kw82x,2022TeslaModel 3Long Range Dual Motor All-Wheel Drive,"$15,338"
Tesla,333 mi,30 minutes,"12,177 mi",425 HP,Up to 5,Gray,Black,NACS (J3400) DC fast charge connector,96 month/120000 miles,5YJ3E1EB6PF618093,2023,82 kWh,https://ev.com/vehicle/q7pnvt,2023TeslaModel 3Long Range Dual Motor All-Wheel Drive,"$19,560"
Tesla,272 mi,30 minutes,"40,113 mi",271 HP,Up to 5,"BLACK,SOLID",BLA,NACS (J3400) DC fast charge connector,96 month/100000 miles,5YJ3E1EA5PF459901,2023,60 kWh,https://ev.com/vehicle/rvdm3m,2023TeslaModel 3Rear-Wheel Drive,"$9,864"
Tesla,272 mi,25 minutes,"14,360 mi",271 HP,Up to 5,Black,White/Black,NACS (J3400) DC fast charge connector,96 month/100000 miles,5YJ3E1EA5MF850767,2021,50 kWh,https://ev.com/vehicle/br8e03,2021TeslaModel 3Standard Range Plus Rear-Wheel Drive,"$16,490"
Tesla,358 mi,30 minutes,"24,423 mi",425 HP,Up to 5,White,Black,NACS (J3400) DC fast charge connector,96 month/120000 miles,5YJ3E1EBXNF210855,2022,82 kWh,https://ev.com/vehicle/3n9s3k,2022TeslaModel 3Long Range Dual Motor All-Wheel Drive,"$14,740"
Tesla,272 mi,30 minutes,"27,870 mi",271 HP,Up to 5,Gray,Black,NACS (J3400) DC fast charge connector,96 month/100000 miles,5YJ3E1EA6PF486265,2023,60 kWh,https://ev.com/vehicle/j3cqga,2023TeslaModel 3Rear-Wheel Drive,"$13,740"
Tesla,272 mi,30 minutes,"17,497 mi",271 HP,Up to 5,Silver,Black,NACS (J3400) DC fast charge connector,96 month/100000 miles,5YJ3E1EAXPF544457,2023,60 kWh,https://ev.com/vehicle/g1f9c3,2023TeslaModel 3Rear-Wheel Drive,"$15,122"
Tesla,272 mi,30 minutes,"20,695 mi",271 HP,Up to 5,White,Black,NACS (J3400) DC fast charge connector,96 month/100000 miles,5YJ3E1EA4PF570861,2023,60 kWh,https://ev.com/vehicle/j0za9l,2023TeslaModel 3Rear-Wheel Drive,"$14,140"
Tesla,272 mi,30 minutes,"27,058 mi",271 HP,Up to 5,Black,Black,NACS (J3400) DC fast charge connector,96 month/100000 miles,5YJ3E1EA5PF591377,2023,60 kWh,https://ev.com/vehicle/nb8nk2,2023TeslaModel 3Rear-Wheel Drive,"$14,240"
Tesla,303 mi,Coming Soon,"5,872 mi",510 HP,Up to 5,Gray,Black,NACS (J3400) DC fast charge connector,96 month/120000 miles,5YJ3E1ET8RF868592,2024,82 kWh,https://ev.com/vehicle/a7jmxh,2024TeslaModel 3Performance All-Wheel Drive,"$34,640"
Tesla,272 mi,30 minutes,"30,332 mi",271 HP,Up to 5,Gray,Black,NACS (J3400) DC fast charge connector,96 month/100000 miles,5YJ3E1EA0PF590167,2023,60 kWh,https://ev.com/vehicle/1t9evf,2023TeslaModel 3Rear-Wheel Drive,"$12,741"
Tesla,272 mi,30 minutes,"3,048 mi",271 HP,Up to 5,Gray,Black,NACS (J3400) DC fast charge connector,96 month/100000 miles,5YJ3E1EAXRF729952,2024,60 kWh,https://ev.com/vehicle/a3soa9,2024TeslaModel 3Rear-Wheel Drive,"$25,025"
Tesla,272 mi,30 minutes,"10,710 mi",271 HP,Up to 5,Silver,Black,NACS (J3400) DC fast charge connector,96 month/100000 miles,5YJ3E1EA5PF641033,2023,60 kWh,https://ev.com/vehicle/xb41d2,2023TeslaModel 3Rear-Wheel Drive,"$16,140"
Tesla,333 mi,30 minutes,"62,281 mi",425 HP,Up to 5,White,Black,NACS (J3400) DC fast charge connector,96 month/120000 miles,5YJ3E1EB4PF389946,2023,82 kWh,https://ev.com/vehicle/8w2a6n,2023TeslaModel 3Long Range Dual Motor All-Wheel Drive,"$15,224"
Chevrolet,334 mi,32 minutes,4 mi,340 HP,Up to 5,Sterling Gray Metallic,Black,SAE CCS DC fast charge connector,96 month/100000 miles,3GNKDHRK5SS216641,2025,102 kWh,https://ev.com/vehicle/c7ws7v,2025ChevroletBlazer EVRWD RS,"$40,654"
Chevrolet,283 mi,32 minutes,2 mi,288 HP,Up to 5,Red,Blk Clth,SAE CCS DC fast charge connector,96 month/100000 miles,3GNKDBRM6SS218767,2025,85 kWh,https://ev.com/vehicle/vv9irb,2025ChevroletBlazer EVRWD LT,"$28,265"
Chevrolet,283 mi,32 minutes,2 mi,288 HP,Up to 5,White,Blk Clth,SAE CCS DC fast charge connector,96 month/100000 miles,3GNKDBRM9SS218388,2025,85 kWh,https://ev.com/vehicle/p7iecd,2025ChevroletBlazer EVRWD LT,"$27,770"
Chevrolet,N/A,N/A,N/A,N/A,N/A,N/A,N/A,N/A,N/A,N/A,N/A,N/A,https://ev.com/vehicle/z2or6x,2024ChevroletSilverado EVWork Truck,"$43,357"
Chevrolet,N/A,N/A,N/A,N/A,N/A,N/A,N/A,N/A,N/A,N/A,N/A,N/A,https://ev.com/vehicle/yxeda2,2024ChevroletSilverado EVWork Truck,"$43,676"
Chevrolet,390 mi,Coming Soon,2 mi,645 HP,Up to 5,Black,Blk Evotex,SAE CCS DC fast charge connector,96 month/100000 miles,1GC101ED2SU410977,2025,180 kWh,https://ev.com/vehicle/ipuhqz,2025ChevroletSilverado EVRST,"$77,590"
Chevrolet,283 mi,32 minutes,5 mi,288 HP,Up to 5,Silver,Blk Evotex,SAE CCS DC fast charge connector,96 month/100000 miles,3GNKDBRM8SS217457,2025,85 kWh,https://ev.com/vehicle/8ojfaf,2025ChevroletBlazer EVRWD LT,"$32,724"
Chevrolet,319 mi,36 minutes,10 mi,213 HP,Up to 5,White,Sky Gray,SAE CCS DC fast charge connector,96 month/100000 miles,3GN7DLRP3SS198144,2025,N/A,https://ev.com/vehicle/tknybp,2025ChevroletEquinox EVLT,"$28,330"
Chevrolet,319 mi,36 minutes,10 mi,213 HP,Up to 5,Gray,Sky Gray,SAE CCS DC fast charge connector,96 month/100000 miles,3GN7DNRP6SS214896,2025,N/A,https://ev.com/vehicle/tf0z3p,2025ChevroletEquinox EVLT2 w/PDE,"$37,860"
Chevrolet,319 mi,36 minutes,10 mi,213 HP,Up to 5,White,Sky Gray,SAE CCS DC fast charge connector,96 month/100000 miles,3GN7DNRP4SS214783,2025,N/A,https://ev.com/vehicle/t2rsq4,2025ChevroletEquinox EVLT2 w/PDE,"$40,785"
Chevrolet,319 mi,36 minutes,5 mi,213 HP,Up to 5,White,Blk Clth,SAE CCS DC fast charge connector,96 month/100000 miles,3GN7DLRP0SS201520,2025,N/A,https://ev.com/vehicle/x8975z,2025ChevroletEquinox EVLT,"$4,920"
Chevrolet,319 mi,36 minutes,5 mi,213 HP,Up to 5,Red,Blk Clth,SAE CCS DC fast charge connector,96 month/100000 miles,3GN7DLRP4SS201438,2025,N/A,https://ev.com/vehicle/0273vr,2025ChevroletEquinox EVLT,"$18,059"
Chevrolet,319 mi,36 minutes,5 mi,213 HP,Up to 5,Black,Blk With Red Accents Evot,SAE CCS DC fast charge connector,96 month/100000 miles,3GN7DSRP6SS209048,2025,N/A,https://ev.com/vehicle/jlifjo,2025ChevroletEquinox EVRS,"$27,364"
Chevrolet,319 mi,36 minutes,5 mi,213 HP,Up to 5,Black,Sky Gry Evotex,SAE CCS DC fast charge connector,96 month/100000 miles,3GN7DNRP8SS200725,2025,N/A,https://ev.com/vehicle/qdvs5c,2025ChevroletEquinox EVLT2 w/PDE,"$38,029"
Chevrolet,319 mi,36 minutes,5 mi,213 HP,Up to 5,Summit White,Sky Cool Gray,SAE CCS DC fast charge connector,96 month/100000 miles,3GN7DNRP9SS208848,2025,N/A,https://ev.com/vehicle/zhq3z8,2025ChevroletEquinox EVLT2 w/PDE,"$32,765"
Ford,320 mi,36 minutes,13 mi,365 HP,Up to 5,Shadow Black,Black Onyx,SAE CCS DC fast charge connector,96 month/100000 miles,3FMTK3SU4SMA04122,2025,N/A,https://ev.com/vehicle/enn4fc,2025FordMustang Mach-EPremium,"$40,610"
Ford,250 mi,32 minutes,5 mi,264 HP,Up to 5,Shadow Black,Black Onyx,SAE CCS DC fast charge connector,96 month/100000 miles,3FMTK1R44SMA18872,2025,N/A,https://ev.com/vehicle/k9yc9t,2025FordMustang Mach-ESelect,"$30,060"
Ford,250 mi,32 minutes,N/A,264 HP,Up to 5,Desert Sand,Black Onyx,SAE CCS DC fast charge connector,96 month/100000 miles,3FMTK1R48SMA10869,2025,N/A,https://ev.com/vehicle/tn7gvv,2025FordMustang Mach-ESelect,"$25,670"
Ford,320 mi,36 minutes,3 mi,365 HP,Up to 5,Star White Metallic Tri-Coat,Black Onyx,SAE CCS DC fast charge connector,96 month/100000 miles,3FMTK3SU4SMA15055,2025,N/A,https://ev.com/vehicle/nascec,2025FordMustang Mach-EPremium,"$41,855"
Ford,280 mi,36 minutes,21 mi,480 HP,Up to 5,Glacier Gray Metallic Tricoat,Performance Gray,SAE CCS DC fast charge connector,96 month/100000 miles,3FMTK4SX3SMA08744,2025,N/A,https://ev.com/vehicle/pgh0ve,2025FordMustang Mach-EGT,"$45,052"
Ford,250 mi,32 minutes,5 mi,264 HP,Up to 5,Desert Sand,Black Onyx,SAE CCS DC fast charge connector,96 month/100000 miles,3FMTK1R43SMA18748,2025,N/A,https://ev.com/vehicle/cooxx4,2025FordMustang Mach-ESelect,"$28,015"
Ford,310 mi,45 minutes,N/A,290 HP,Up to 5,Star White Metallic Tri-Coat,Black Onyx,SAE CCS DC fast charge connector,96 month/100000 miles,3FMTK3R70SMA18826,2025,N/A,https://ev.com/vehicle/62j2ur,2025FordMustang Mach-EPremium,"$38,970"
Ford,250 mi,32 minutes,10 mi,264 HP,Up to 5,N/A,N/A,SAE CCS DC fast charge connector,96 month/100000 miles,3FMTK1R43SMA23268,2025,N/A,https://ev.com/vehicle/0qc33l,2025FordMustang Mach-ESelect,"$30,260"
Ford,250 mi,32 minutes,10 mi,264 HP,Up to 5,N/A,N/A,SAE CCS DC fast charge connector,96 month/100000 miles,3FMTK3R40SMA25409,2025,N/A,https://ev.com/vehicle/t25s44,2025FordMustang Mach-EPremium,"$33,765"
Ford,280 mi,36 minutes,10 mi,480 HP,Up to 5,N/A,N/A,SAE CCS DC fast charge connector,96 month/100000 miles,3FMTK4SX2SMA23364,2025,N/A,https://ev.com/vehicle/y00jlf,2025FordMustang Mach-EGT,"$50,480"
Ford,250 mi,32 minutes,4 mi,264 HP,Up to 5,Blue,N/A,SAE CCS DC fast charge connector,96 month/100000 miles,3FMTK1R46SMA12927,2025,N/A,https://ev.com/vehicle/x4y9sz,2025FordMustang Mach-ESelect,"$27,916"
Ford,250 mi,32 minutes,4 mi,264 HP,Up to 5,Black,N/A,SAE CCS DC fast charge connector,96 month/100000 miles,3FMTK1R45SMA18234,2025,N/A,https://ev.com/vehicle/pvvgjp,2025FordMustang Mach-ESelect,"$27,896"
Ford,270 mi,45 minutes,"4,548 mi",480 HP,Up to 5,Shadow Black,Black Onyx/Copper,SAE CCS DC fast charge connector,96 month/100000 miles,3FMTK4SE8PMA77029,2023,N/A,https://ev.com/vehicle/nqi2ez,2023FordMustang Mach-EGT,"$45,675"
Ford,37 mi,N/A,3 mi,163 HP,Up to 5,White,Ebony,N/A,N/A,1FMCU0E15SUB14960,2025,14.4 kWh,https://ev.com/vehicle/mm2t6k,2025FordEscapePHEV,"$33,932"
Ford,300 mi,41 minutes,36 mi,580 HP,Up to 5,Agate Black Metallic,Medium Dark Slate,SAE CCS DC fast charge connector,96 month/100000 miles,1FTVW3L74SWG05623,2025,N/A,https://ev.com/vehicle/lqqdpl,2025FordF-150 LightningFlash,"$47,665"
Ford,300 mi,41 minutes,15 mi,580 HP,Up to 5,Black,Black/Medium Dark Slate,SAE CCS DC fast charge connector,96 month/100000 miles,1FT6W7L75SWG13838,2025,N/A,https://ev.com/vehicle/1g67ks,2025FordF-150 LightningPlatinum,"$66,405"
Ford,270 mi,45 minutes,"7,166 mi",480 HP,Up to 5,Shadow Black,Black Onyx/Copper,SAE CCS DC fast charge connector,96 month/100000 miles,3FMTK4SE0PMA77042,2023,N/A,https://ev.com/vehicle/0tuhc6,2023FordMustang Mach-EGT,"$45,675"
Ford,270 mi,45 minutes,"7,425 mi",480 HP,Up to 5,Shadow Black,Black Onyx/Copper,SAE CCS DC fast charge connector,96 month/100000 miles,3FMTK4SE1PMA75543,2023,N/A,https://ev.com/vehicle/vk5wpe,2023FordMustang Mach-EGT,"$45,675"
Ford,310 mi,45 minutes,12 mi,290 HP,Up to 5,Gray,Light Space Gray,SAE CCS DC fast charge connector,96 month/100000 miles,3FMTK3R77SMA12859,2025,N/A,https://ev.com/vehicle/dxyt3r,2025FordMustang Mach-EPremium,"$36,192"
Ford,280 mi,36 minutes,8 mi,480 HP,Up to 5,Black,"""35""",SAE CCS DC fast charge connector,96 month/100000 miles,3FMTK4SX5SMA14187,2025,N/A,https://ev.com/vehicle/ff80kq,2025FordMustang Mach-EGT,"$45,330"
Ford,250 mi,32 minutes,20 mi,264 HP,Up to 5,Black,"""sj""",SAE CCS DC fast charge connector,96 month/100000 miles,3FMTK1R48SMA18907,2025,N/A,https://ev.com/vehicle/vd5yln,2025FordMustang Mach-ESelect,"$30,525"
Ford,250 mi,32 minutes,19 mi,264 HP,Up to 5,Black,"""sj""",SAE CCS DC fast charge connector,96 month/100000 miles,3FMTK1R45SMA11025,2025,N/A,https://ev.com/vehicle/2xsfgs,2025FordMustang Mach-ESelect,"$29,330"
Ford,250 mi,32 minutes,7 mi,264 HP,Up to 5,Black,"""sj""",SAE CCS DC fast charge connector,96 month/100000 miles,3FMTK1R46SMA10885,2025,N/A,https://ev.com/vehicle/2i0d2g,2025FordMustang Mach-ESelect,"$29,330"
Ford,310 mi,45 minutes,3 mi,290 HP,Up to 5,Shadow Black,Black Onyx,SAE CCS DC fast charge connector,96 month/100000 miles,3FMTK3R73SMA15743,2025,N/A,https://ev.com/vehicle/loq5qs,2025FordMustang Mach-EPremium,"$37,671"
Ford,250 mi,32 minutes,10 mi,264 HP,Up to 5,N/A,N/A,SAE CCS DC fast charge connector,96 month/100000 miles,3FMTK3R48SMA22922,2025,N/A,https://ev.com/vehicle/n1ukbc,2025FordMustang Mach-EPremium,"$32,760"
Ford,310 mi,45 minutes,10 mi,290 HP,Up to 5,N/A,N/A,SAE CCS DC fast charge connector,96 month/100000 miles,3FMTK3R78SMA21635,2025,N/A,https://ev.com/vehicle/aglr1j,2025FordMustang Mach-EPremium,"$37,660"
Ford,310 mi,45 minutes,10 mi,290 HP,Up to 5,N/A,N/A,SAE CCS DC fast charge connector,96 month/100000 miles,3FMTK3R74SMA26573,2025,N/A,https://ev.com/vehicle/bg6m4i,2025FordMustang Mach-EPremium,"$46,725"
Ford,250 mi,32 minutes,5 mi,264 HP,Up to 5,Molten Magenta Metallic Tinted Clearcoat,Black Onyx,SAE CCS DC fast charge connector,96 month/100000 miles,3FMTK1R41SMA08722,2025,N/A,https://ev.com/vehicle/ssah0l,2025FordMustang Mach-ESelect,"$27,265"
Ford,270 mi,45 minutes,"8,826 mi",480 HP,Up to 5,Shadow Black,Black Onyx/Copper,SAE CCS DC fast charge connector,96 month/100000 miles,3FMTK4SE2PMA75941,2023,N/A,https://ev.com/vehicle/kmcazd,2023FordMustang Mach-EGT,"$45,675"
Ford,270 mi,45 minutes,"8,440 mi",480 HP,Up to 5,Shadow Black,Black Onyx/Copper,SAE CCS DC fast charge connector,96 month/100000 miles,3FMTK4SE9PMA75726,2023,N/A,https://ev.com/vehicle/vwhwjs,2023FordMustang Mach-EGT,"$45,675"
Ford,250 mi,32 minutes,4 mi,264 HP,Up to 5,Black,N/A,SAE CCS DC fast charge connector,96 month/100000 miles,3FMTK1R43SMA15848,2025,N/A,https://ev.com/vehicle/rx1e2y,2025FordMustang Mach-ESelect,"$26,331"
Ford,250 mi,32 minutes,64 mi,264 HP,Up to 5,Black,Black Onyx,SAE CCS DC fast charge connector,96 month/100000 miles,3FMTK1R45SMA04396,2025,N/A,https://ev.com/vehicle/jz2p5k,2025FordMustang Mach-ESelect,"$29,830"
Ford,250 mi,32 minutes,7 mi,264 HP,Up to 5,White,Black Onyx,SAE CCS DC fast charge connector,96 month/100000 miles,3FMTK1R42SMA14982,2025,N/A,https://ev.com/vehicle/88zatd,2025FordMustang Mach-ESelect,"$28,830"
Ford,250 mi,32 minutes,7 mi,264 HP,Up to 5,Black,Black Onyx,SAE CCS DC fast charge connector,96 month/100000 miles,3FMTK1R47SMA18087,2025,N/A,https://ev.com/vehicle/68szh5,2025FordMustang Mach-ESelect,"$26,332"
Ford,310 mi,45 minutes,7 mi,290 HP,Up to 5,Black,Black Onyx,SAE CCS DC fast charge connector,96 month/100000 miles,3FMTK3R79SMA16055,2025,N/A,https://ev.com/vehicle/jxvwic,2025FordMustang Mach-EPremium,"$38,146"
Ford,250 mi,32 minutes,6 mi,264 HP,Up to 5,Blue,Black Onyx,SAE CCS DC fast charge connector,96 month/100000 miles,3FMTK1R44SMA07516,2025,N/A,https://ev.com/vehicle/fue9xs,2025FordMustang Mach-ESelect,"$28,361"
Ford,250 mi,32 minutes,9 mi,264 HP,Up to 5,Black,Black Onyx,SAE CCS DC fast charge connector,96 month/100000 miles,3FMTK1R4XSMA07665,2025,N/A,https://ev.com/vehicle/5dsykf,2025FordMustang Mach-ESelect,"$27,897"
Ford,310 mi,45 minutes,8 mi,290 HP,Up to 5,White,Black Onyx,SAE CCS DC fast charge connector,96 month/100000 miles,3FMTK3R72SMA18133,2025,N/A,https://ev.com/vehicle/o2du3m,2025FordMustang Mach-EPremium,"$36,271"
Ford,310 mi,45 minutes,7 mi,290 HP,Up to 5,White,Black Onyx,SAE CCS DC fast charge connector,96 month/100000 miles,3FMTK3R77SMA16703,2025,N/A,https://ev.com/vehicle/um8pn1,2025FordMustang Mach-EPremium,"$39,079"
Ford,310 mi,45 minutes,15 mi,290 HP,Up to 5,Green,Black Onyx,SAE CCS DC fast charge connector,96 month/100000 miles,3FMTK3R73SMA16889,2025,N/A,https://ev.com/vehicle/9knu85,2025FordMustang Mach-EPremium,"$34,237"
Ford,310 mi,45 minutes,8 mi,290 HP,Up to 5,Gray,Light Space Gray,SAE CCS DC fast charge connector,96 month/100000 miles,3FMTK3R78SMA12854,2025,N/A,https://ev.com/vehicle/c1dobt,2025FordMustang Mach-EPremium,"$36,192"
Ford,280 mi,36 minutes,26 mi,480 HP,Up to 5,Black,Performance Gray,SAE CCS DC fast charge connector,96 month/100000 miles,3FMTK4SX7SMA17351,2025,N/A,https://ev.com/vehicle/a1wk5u,2025FordMustang Mach-EGT,"$45,221"
Ford,270 mi,45 minutes,"8,669 mi",480 HP,Up to 5,Shadow Black,Black Onyx/Copper,SAE CCS DC fast charge connector,96 month/100000 miles,3FMTK4SE0PMA75632,2023,N/A,https://ev.com/vehicle/cq8t5b,2023FordMustang Mach-EGT,"$45,675"
Ford,250 mi,32 minutes,26 mi,264 HP,Up to 5,DESERT SAND,SJ,SAE CCS DC fast charge connector,96 month/100000 miles,3FMTK1R44SMA12912,2025,N/A,https://ev.com/vehicle/gbplb3,2025FordMustang Mach-ESelect,"$29,460"
Ford,250 mi,32 minutes,8 mi,264 HP,Up to 5,SHADOW BLK,SJ,SAE CCS DC fast charge connector,96 month/100000 miles,3FMTK1R48SMA18082,2025,N/A,https://ev.com/vehicle/ws170v,2025FordMustang Mach-ESelect,"$30,060"
Ford,250 mi,32 minutes,26 mi,264 HP,Up to 5,SHADOW BLK,SJ,SAE CCS DC fast charge connector,96 month/100000 miles,3FMTK1R49SMA19743,2025,N/A,https://ev.com/vehicle/099957,2025FordMustang Mach-ESelect,"$29,460"
Ford,250 mi,32 minutes,7 mi,264 HP,Up to 5,GLACIER GRY,SJ,SAE CCS DC fast charge connector,96 month/100000 miles,3FMTK1R4XSMA08587,2025,N/A,https://ev.com/vehicle/q3kdao,2025FordMustang Mach-ESelect,"$31,055"
Ford,310 mi,45 minutes,7 mi,290 HP,Up to 5,STAR WHT MET TC,MY,SAE CCS DC fast charge connector,96 month/100000 miles,3FMTK3R71SMA18771,2025,N/A,https://ev.com/vehicle/95ktem,2025FordMustang Mach-EPremium,"$37,405"
Ford,310 mi,45 minutes,11 mi,290 HP,Up to 5,DESERT SAND,MJ,SAE CCS DC fast charge connector,96 month/100000 miles,3FMTK3R73SMA08212,2025,N/A,https://ev.com/vehicle/7sm51u,2025FordMustang Mach-EPremium,"$37,010"
Ford,250 mi,32 minutes,2 mi,264 HP,Up to 5,Red,Black Onyx,SAE CCS DC fast charge connector,96 month/100000 miles,3FMTK1R40SMA14897,2025,N/A,https://ev.com/vehicle/447fba,2025FordMustang Mach-ESelect,"$29,240"
Ford,250 mi,32 minutes,2 mi,264 HP,Up to 5,White,Black Onyx,SAE CCS DC fast charge connector,96 month/100000 miles,3FMTK1R49SMA13652,2025,N/A,https://ev.com/vehicle/mm1om3,2025FordMustang Mach-ESelect,"$29,240"
Ford,310 mi,45 minutes,2 mi,290 HP,Up to 5,White,Black Onyx,SAE CCS DC fast charge connector,96 month/100000 miles,3FMTK3R72SMA13711,2025,N/A,https://ev.com/vehicle/8ndabc,2025FordMustang Mach-EPremium,"$34,706"
Ford,37 mi,N/A,3 mi,163 HP,Up to 5,White,Ebony,N/A,N/A,1FMCU0E10SUB13778,2025,14.4 kWh,https://ev.com/vehicle/rflfoz,2025FordEscapePHEV,"$34,417"
Ford,37 mi,N/A,3 mi,163 HP,Up to 5,White,Space Gray,N/A,N/A,1FMCU0E1XSUB15411,2025,14.4 kWh,https://ev.com/vehicle/a6chsk,2025FordEscapePHEV,"$34,412"
Ford,37 mi,N/A,65 mi,163 HP,Up to 5,White,Ebony,N/A,N/A,1FMCU0E17SUA33751,2025,14.4 kWh,https://ev.com/vehicle/va0ipb,2025FordEscapePHEV,"$28,756"
Ford,240 mi,44 minutes,30 mi,452 HP,Up to 5,Gray,"""med Dk Sla""",SAE CCS DC fast charge connector,96 month/100000 miles,1FTVW3LK3SWG04659,2025,N/A,https://ev.com/vehicle/450uyr,2025FordF-150 LightningXLT,"$46,435"
Ford,250 mi,32 minutes,8 mi,264 HP,Up to 5,Red,"""sj""",SAE CCS DC fast charge connector,96 month/100000 miles,3FMTK1R41SMA09028,2025,N/A,https://ev.com/vehicle/7oalgj,2025FordMustang Mach-ESelect,"$30,325"
Ford,310 mi,45 minutes,5 mi,290 HP,Up to 5,Eruption Green Metallic,Black Onyx,SAE CCS DC fast charge connector,96 month/100000 miles,3FMTK3R75SMA20166,2025,N/A,https://ev.com/vehicle/gbtc05,2025FordMustang Mach-EPremium,"$35,327"
Ford,320 mi,36 minutes,45 mi,365 HP,Up to 5,Velocity Blue Metallic,Light Space Gray,SAE CCS DC fast charge connector,96 month/100000 miles,3FMTK3SUXSMA04352,2025,N/A,https://ev.com/vehicle/s8nyw7,2025FordMustang Mach-EPremium,"$39,471"
Ford,250 mi,32 minutes,10 mi,264 HP,Up to 5,N/A,N/A,SAE CCS DC fast charge connector,96 month/100000 miles,3FMTK1R46SMA21773,2025,N/A,https://ev.com/vehicle/36gva0,2025FordMustang Mach-ESelect,"$30,955"
Ford,250 mi,32 minutes,10 mi,264 HP,Up to 5,N/A,N/A,SAE CCS DC fast charge connector,96 month/100000 miles,3FMTK3R43SMA27672,2025,N/A,https://ev.com/vehicle/ydajwm,2025FordMustang Mach-EPremium,"$32,260"
Ford,310 mi,45 minutes,10 mi,290 HP,Up to 5,N/A,N/A,SAE CCS DC fast charge connector,96 month/100000 miles,3FMTK3R74SMA22152,2025,N/A,https://ev.com/vehicle/56wppj,2025FordMustang Mach-EPremium,"$40,850"
Ford,310 mi,45 minutes,10 mi,290 HP,Up to 5,N/A,N/A,SAE CCS DC fast charge connector,96 month/100000 miles,3FMTK3R7XSMA21913,2025,N/A,https://ev.com/vehicle/gqwmq6,2025FordMustang Mach-EPremium,"$38,655"
Ford,320 mi,36 minutes,10 mi,365 HP,Up to 5,N/A,N/A,SAE CCS DC fast charge connector,96 month/100000 miles,3FMTK3SU1SMA24635,2025,N/A,https://ev.com/vehicle/587wto,2025FordMustang Mach-EPremium,"$42,690"
Ford,280 mi,36 minutes,10 mi,480 HP,Up to 5,N/A,N/A,SAE CCS DC fast charge connector,96 month/100000 miles,3FMTK4SX0SMA26912,2025,N/A,https://ev.com/vehicle/3jzfbq,2025FordMustang Mach-EGT,"$52,475"
Ford,270 mi,45 minutes,"13,949 mi",480 HP,Up to 5,Shadow Black,Black Onyx/Copper,SAE CCS DC fast charge connector,96 month/100000 miles,3FMTK4SE4PMA77061,2023,N/A,https://ev.com/vehicle/fjlm5h,2023FordMustang Mach-EGT,"$45,675"
Ford,270 mi,45 minutes,"10,056 mi",480 HP,Up to 5,Shadow Black,Black Onyx/Copper,SAE CCS DC fast charge connector,96 month/100000 miles,3FMTK4SE8PMA75958,2023,N/A,https://ev.com/vehicle/2eohf8,2023FordMustang Mach-EGT,"$45,675"
Ford,270 mi,45 minutes,"10,648 mi",480 HP,Up to 5,Shadow Black,Black Onyx/Copper,SAE CCS DC fast charge connector,96 month/100000 miles,3FMTK4SE9PMA75712,2023,N/A,https://ev.com/vehicle/t50oy6,2023FordMustang Mach-EGT,"$45,675"
Ford,250 mi,32 minutes,4 mi,264 HP,Up to 5,Black,Black Onyx,SAE CCS DC fast charge connector,96 month/100000 miles,3FMTK1R49SMA14333,2025,N/A,https://ev.com/vehicle/0n5ow2,2025FordMustang Mach-ESelect,"$27,897"
Ford,280 mi,36 minutes,4 mi,480 HP,Up to 5,Green,Performance Gray,SAE CCS DC fast charge connector,96 month/100000 miles,3FMTK4SX8SMA13678,2025,N/A,https://ev.com/vehicle/uezo0w,2025FordMustang Mach-EGT,"$45,990"
Ford,250 mi,32 minutes,5 mi,264 HP,Up to 5,Black,Black Onyx,SAE CCS DC fast charge connector,96 month/100000 miles,3FMTK1R49SMA12999,2025,N/A,https://ev.com/vehicle/yzwvgc,2025FordMustang Mach-ESelect,"$29,579"
Ford,310 mi,45 minutes,6 mi,290 HP,Up to 5,Black,Black Onyx,SAE CCS DC fast charge connector,96 month/100000 miles,3FMTK3R72SMA14261,2025,N/A,https://ev.com/vehicle/3p1m3f,2025FordMustang Mach-EPremium,"$34,929"
Ford,250 mi,32 minutes,5 mi,264 HP,Up to 5,White,Sj,SAE CCS DC fast charge connector,96 month/100000 miles,3FMTK1R45SMA18847,2025,N/A,https://ev.com/vehicle/u2zxv0,2025FordMustang Mach-ESelect,"$32,020"
Ford,250 mi,32 minutes,13 mi,264 HP,Up to 5,STAR WHT MET TC,MJ,SAE CCS DC fast charge connector,96 month/100000 miles,3FMTK3R43SMA21208,2025,N/A,https://ev.com/vehicle/ba6g5i,2025FordMustang Mach-EPremium,"$34,360"
Ford,37 mi,N/A,10 mi,163 HP,Up to 5,N/A,N/A,N/A,N/A,1FMCU0E10SUB29382,2025,14.4 kWh,https://ev.com/vehicle/cxaw7m,2025FordEscapePHEV,"$29,341"
Ford,240 mi,44 minutes,21 mi,452 HP,Up to 5,White,"""med Dk Sla""",SAE CCS DC fast charge connector,96 month/100000 miles,1FTVW3LK5SWG12956,2025,N/A,https://ev.com/vehicle/xtjr4a,2025FordF-150 LightningXLT,"$44,895"
Ford,240 mi,44 minutes,23 mi,452 HP,Up to 5,White,Medium Dark Slate,SAE CCS DC fast charge connector,96 month/100000 miles,1FTVW3LKXSWG00981,2025,N/A,https://ev.com/vehicle/areysq,2025FordF-150 LightningXLT,"$44,735"
Ford,300 mi,41 minutes,80 mi,536 HP,Up to 5,Space White Metallic,Medium Dark Slate,SAE CCS DC fast charge connector,96 month/100000 miles,1FT6W3LU0SWG06892,2025,N/A,https://ev.com/vehicle/5mgbqa,2025FordF-150 LightningFlash,"$52,090"
Ford,300 mi,41 minutes,36 mi,580 HP,Up to 5,Carbonized Gray Metallic,Medium Dark Slate,SAE CCS DC fast charge connector,96 month/100000 miles,1FTVW3L77SWG04823,2025,N/A,https://ev.com/vehicle/p7kuzv,2025FordF-150 LightningFlash,"$46,758"
Ford,300 mi,41 minutes,10 mi,536 HP,Up to 5,N/A,N/A,SAE CCS DC fast charge connector,96 month/100000 miles,1FT6W3LU7SWG13418,2025,N/A,https://ev.com/vehicle/11nvn0,2025FordF-150 LightningFlash,"$51,790"
Ford,240 mi,44 minutes,"9,766 mi",462 HP,Up to 5,G4 Azure Gray Metallic Tricoat,N/A,SAE CCS DC fast charge connector,96 month/100000 miles,1FTVW1EL1PWG30159,2023,98 kWh,https://ev.com/vehicle/lbtoko,2023FordF-150 LightningLARIAT,"$42,690"
Ford,320 mi,41 minutes,N/A,580 HP,Up to 5,Iconic Silver Metallic,Active X Seats W/Console Black,SAE CCS DC fast charge connector,96 month/100000 miles,1FT6W5L77SWG15627,2025,N/A,https://ev.com/vehicle/6afx52,2025FordF-150 LightningLARIAT,"$53,660"
Ford,320 mi,41 minutes,N/A,580 HP,Up to 5,Agate Black Metallic,Active X Seats W/Console Black,SAE CCS DC fast charge connector,96 month/100000 miles,1FT6W5L78SWG15913,2025,N/A,https://ev.com/vehicle/wgo8xq,2025FordF-150 LightningLARIAT,"$53,660"
Ford,240 mi,44 minutes,N/A,452 HP,Up to 5,Space White Metallic,Cloth 40/Console/40 Medium Dark Slate,SAE CCS DC fast charge connector,96 month/100000 miles,1FTVW3LK6SWG16403,2025,N/A,https://ev.com/vehicle/b3s777,2025FordF-150 LightningXLT,"$39,660"
Ford,300 mi,41 minutes,10 mi,536 HP,Up to 5,Carbonized Gray,N/A,SAE CCS DC fast charge connector,96 month/100000 miles,1FT6W3LU6SWG10414,2025,N/A,https://ev.com/vehicle/igmtvm,2025FordF-150 LightningFlash,"$53,355"
Ford,240 mi,44 minutes,10 mi,452 HP,Up to 5,Silver,N/A,SAE CCS DC fast charge connector,96 month/100000 miles,1FTVW3LK0SWG11472,2025,N/A,https://ev.com/vehicle/fj3lqp,2025FordF-150 LightningXLT,"$47,090"
Ford,240 mi,44 minutes,10 mi,452 HP,Up to 5,Agate Black,N/A,SAE CCS DC fast charge connector,96 month/100000 miles,1FTVW3LK5SWG10513,2025,N/A,https://ev.com/vehicle/2ywx4w,2025FordF-150 LightningXLT,"$46,660"
Ford,300 mi,41 minutes,3 mi,580 HP,Up to 5,White,Medium Dark Slate,SAE CCS DC fast charge connector,96 month/100000 miles,1FT6W3L7XSWG01550,2025,N/A,https://ev.com/vehicle/eev34n,2025FordF-150 LightningFlash,"$46,917"
Ford,300 mi,41 minutes,30 mi,536 HP,Up to 5,Oxford White,Medium Dark Slate,SAE CCS DC fast charge connector,96 month/100000 miles,1FT6W3LU3SWG07387,2025,N/A,https://ev.com/vehicle/g4tnrw,2025FordF-150 LightningFlash,"$53,870"
Ford,270 mi,45 minutes,"4,957 mi",480 HP,Up to 5,Shadow Black,Black Onyx/Copper,SAE CCS DC fast charge connector,96 month/100000 miles,3FMTK4SE3PMA75527,2023,N/A,https://ev.com/vehicle/6ootto,2023FordMustang Mach-EGT,"$45,675"
Ford,310 mi,45 minutes,10 mi,290 HP,Up to 5,N/A,N/A,SAE CCS DC fast charge connector,96 month/100000 miles,3FMTK3R7XSMA19708,2025,N/A,https://ev.com/vehicle/euh5sr,2025FordMustang Mach-EPremium,"$38,260"
Ford,250 mi,32 minutes,10 mi,264 HP,Up to 5,N/A,N/A,SAE CCS DC fast charge connector,96 month/100000 miles,3FMTK1R46SMA08151,2025,N/A,https://ev.com/vehicle/f95dsh,2025FordMustang Mach-ESelect,"$31,055"
Ford,250 mi,32 minutes,10 mi,264 HP,Up to 5,N/A,N/A,SAE CCS DC fast charge connector,96 month/100000 miles,3FMTK1R45SMA19674,2025,N/A,https://ev.com/vehicle/8owx3u,2025FordMustang Mach-ESelect,"$30,955"
Ford,310 mi,45 minutes,10 mi,290 HP,Up to 5,N/A,N/A,SAE CCS DC fast charge connector,96 month/100000 miles,3FMTK3R72SMA19573,2025,N/A,https://ev.com/vehicle/qi2b1b,2025FordMustang Mach-EPremium,"$39,255"
Ford,224 mi,Coming Soon,"9,621 mi",266 HP,Up to 5,Gray,Black Onyx,SAE CCS DC fast charge connector,96 month/100000 miles,3FMTK1SS3NMA19217,2022,N/A,https://ev.com/vehicle/hv6m7s,2022FordMustang Mach-ESelect,"$17,975"
Ford,250 mi,32 minutes,"3,034 mi",264 HP,Up to 5,Blue,Black Onyx,SAE CCS DC fast charge connector,96 month/100000 miles,3FMTK3R4XRMA03752,2024,N/A,https://ev.com/vehicle/p3ir9p,2024FordMustang Mach-EPremium,"$31,675"
Ford,250 mi,32 minutes,4 mi,264 HP,Up to 5,Red,Black Onyx,SAE CCS DC fast charge connector,96 month/100000 miles,3FMTK1R41SMA13693,2025,N/A,https://ev.com/vehicle/o9j3oh,2025FordMustang Mach-ESelect,"$28,829"
Ford,250 mi,32 minutes,5 mi,264 HP,Up to 5,White,Black Onyx,SAE CCS DC fast charge connector,96 month/100000 miles,3FMTK1R43SMA12996,2025,N/A,https://ev.com/vehicle/uahzaz,2025FordMustang Mach-ESelect,"$28,947"
Ford,250 mi,32 minutes,15 mi,264 HP,Up to 5,White,Black Onyx,SAE CCS DC fast charge connector,96 month/100000 miles,3FMTK1R47SMA15822,2025,N/A,https://ev.com/vehicle/t93dg7,2025FordMustang Mach-ESelect,"$28,829"
Ford,250 mi,32 minutes,11 mi,264 HP,Up to 5,GRABBER YELLOW,SJ,SAE CCS DC fast charge connector,96 month/100000 miles,3FMTK1R49SMA10413,2025,N/A,https://ev.com/vehicle/qcweus,2025FordMustang Mach-ESelect,"$30,755"
Ford,310 mi,45 minutes,12 mi,290 HP,Up to 5,GLACIER GRY,MJ,SAE CCS DC fast charge connector,96 month/100000 miles,3FMTK3R79SMA08392,2025,N/A,https://ev.com/vehicle/52wtny,2025FordMustang Mach-EPremium,"$38,005"
Ford,250 mi,32 minutes,1 mi,264 HP,Up to 5,Shadow Black,Black Onyx,SAE CCS DC fast charge connector,96 month/100000 miles,3FMTK1R4XSMA15216,2025,N/A,https://ev.com/vehicle/n9p7ru,2025FordMustang Mach-ESelect,"$30,060"
Ford,310 mi,45 minutes,1 mi,290 HP,Up to 5,Shadow Black,Black Activex,SAE CCS DC fast charge connector,96 month/100000 miles,3FMTK3R73SMA09862,2025,N/A,https://ev.com/vehicle/11m9sr,2025FordMustang Mach-EPremium,"$37,860"
Ford,250 mi,32 minutes,N/A,264 HP,Up to 5,Star White Metallic Tri-Coat,Activex Seating Material Black Onyx,SAE CCS DC fast charge connector,96 month/100000 miles,3FMTK1R40SMA18867,2025,N/A,https://ev.com/vehicle/lk0vcq,2025FordMustang Mach-ESelect,"$30,455"
Ford,250 mi,32 minutes,N/A,264 HP,Up to 5,Glacier Gray Metallic Tricoat,Activex Seating Material Black Onyx,SAE CCS DC fast charge connector,96 month/100000 miles,3FMTK1R41SMA19672,2025,N/A,https://ev.com/vehicle/liz7w0,2025FordMustang Mach-ESelect,"$30,455"
Ford,250 mi,32 minutes,N/A,264 HP,Up to 5,Desert Sand,Activex Seating Material Black Onyx,SAE CCS DC fast charge connector,96 month/100000 miles,3FMTK1R41SMA19915,2025,N/A,https://ev.com/vehicle/42dizp,2025FordMustang Mach-ESelect,"$29,460"
Ford,250 mi,32 minutes,N/A,264 HP,Up to 5,Molten Magenta Metallic Tinted Clearcoat,Activex Seating Material Black Onyx,SAE CCS DC fast charge connector,96 month/100000 miles,3FMTK1R41SMA19929,2025,N/A,https://ev.com/vehicle/41e4zd,2025FordMustang Mach-ESelect,"$30,455"
Ford,250 mi,32 minutes,10 mi,264 HP,Up to 5,Beige,N/A,SAE CCS DC fast charge connector,96 month/100000 miles,3FMTK1R45SMA10022,2025,N/A,https://ev.com/vehicle/v75rqt,2025FordMustang Mach-ESelect,"$28,265"
Ford,250 mi,32 minutes,N/A,264 HP,Up to 5,Shadow Black,Activex Seating Material Black Onyx,SAE CCS DC fast charge connector,96 month/100000 miles,3FMTK1R49SMA19905,2025,N/A,https://ev.com/vehicle/k9nx04,2025FordMustang Mach-ESelect,"$29,460"
Ford,250 mi,32 minutes,N/A,264 HP,Up to 5,Eruption Green Metallic,Activex Seating Material Black Onyx,SAE CCS DC fast charge connector,96 month/100000 miles,3FMTK1R4XSMA18570,2025,N/A,https://ev.com/vehicle/oijvta,2025FordMustang Mach-ESelect,"$29,955"
Ford,310 mi,45 minutes,N/A,290 HP,Up to 5,Desert Sand,Perforated Activex Seat Mat'l Black Onyx,SAE CCS DC fast charge connector,96 month/100000 miles,3FMTK3R71SMA29513,2025,N/A,https://ev.com/vehicle/5wt8wl,2025FordMustang Mach-EPremium,"$37,365"
Ford,310 mi,45 minutes,N/A,290 HP,Up to 5,Shadow Black,Perforated Activex Seat Mat'l Black Onyx,SAE CCS DC fast charge connector,96 month/100000 miles,3FMTK3R72SMA23090,2025,N/A,https://ev.com/vehicle/47wn70,2025FordMustang Mach-EPremium,"$38,610"
Ford,310 mi,45 minutes,N/A,290 HP,Up to 5,Shadow Black,Gray,SAE CCS DC fast charge connector,96 month/100000 miles,3FMTK3R76SMA19849,2025,N/A,https://ev.com/vehicle/6af1rp,2025FordMustang Mach-EPremium,"$36,410"
Ford,310 mi,45 minutes,N/A,290 HP,Up to 5,Desert Sand,Perforated Activex Seat Mat'l Black Onyx,SAE CCS DC fast charge connector,96 month/100000 miles,3FMTK3R76SMA20192,2025,N/A,https://ev.com/vehicle/tkxj5c,2025FordMustang Mach-EPremium,"$37,115"
Ford,310 mi,45 minutes,N/A,290 HP,Up to 5,Shadow Black,Perforated Activex Seat Mat'l Black Onyx,SAE CCS DC fast charge connector,96 month/100000 miles,3FMTK3R77SMA24669,2025,N/A,https://ev.com/vehicle/1i97av,2025FordMustang Mach-EPremium,"$37,365"
Ford,310 mi,45 minutes,N/A,290 HP,Up to 5,Star White Metallic Tri-Coat,Perforated Activex Seat Mat'l Black Onyx,SAE CCS DC fast charge connector,96 month/100000 miles,3FMTK3R79SMA10997,2025,N/A,https://ev.com/vehicle/iaxd9k,2025FordMustang Mach-EPremium,"$38,605"
Ford,310 mi,45 minutes,N/A,290 HP,Up to 5,Eruption Green Metallic,Perforated Activex Seat Mat'l Black Onyx,SAE CCS DC fast charge connector,96 month/100000 miles,3FMTK3R7XSMA18803,2025,N/A,https://ev.com/vehicle/w1fbih,2025FordMustang Mach-EPremium,"$36,905"
Ford,280 mi,36 minutes,10 mi,480 HP,Up to 5,Shadow Black,N/A,SAE CCS DC fast charge connector,96 month/100000 miles,3FMTK4SX6SMA08415,2025,N/A,https://ev.com/vehicle/lfv6us,2025FordMustang Mach-EGT,"$46,360"
Ford,250 mi,32 minutes,15 mi,264 HP,Up to 5,Velocity Blue Metallic,Black Onyx,SAE CCS DC fast charge connector,96 month/100000 miles,3FMTK3R42SMA02553,2025,N/A,https://ev.com/vehicle/hzmag3,2025FordMustang Mach-EPremium,"$36,355"
Ford,37 mi,N/A,N/A,163 HP,Up to 5,Vapor Blue Metallic,Partial Vinyl/Cloth Seats Ebony,N/A,N/A,1FMCU0E18SUB13429,2025,14.4 kWh,https://ev.com/vehicle/npfmda,2025FordEscapePHEV,"$34,090"
Ford,159 mi,15 minutes,111 mi,266 HP,Up to 2,White,Dark Palazzo Gray,SAE CCS DC fast charge connector,96 month/100000 miles,1FTBW9CM4RKB22582,2024,N/A,https://ev.com/vehicle/7ywf1p,2024FordE-Transit-350 Cargo Van,"$33,687"
Ford,159 mi,15 minutes,3 mi,266 HP,Up to 2,WHITE,VK,SAE CCS DC fast charge connector,96 month/100000 miles,1FTBW1YM9RKB22197,2024,N/A,https://ev.com/vehicle/p89rmu,2024FordE-Transit-350 Cargo Van,"$40,895"
Ford,159 mi,15 minutes,N/A,266 HP,Up to 2,WHITE,DARK PALAZZO GRAY  VINYL,SAE CCS DC fast charge connector,96 month/100000 miles,1FTBW1YMXRKB11984,2024,N/A,https://ev.com/vehicle/kq9s1z,2024FordE-Transit-350 Cargo Van,"$49,675"
Ford,159 mi,15 minutes,N/A,266 HP,Up to 2,N/A,VK,SAE CCS DC fast charge connector,96 month/100000 miles,1FTBW9CM0RKB13460,2024,N/A,https://ev.com/vehicle/vne9st,2024FordE-Transit-350 Cargo Van,"$44,750"
Ford,159 mi,15 minutes,N/A,266 HP,Up to 2,N/A,VK,SAE CCS DC fast charge connector,96 month/100000 miles,1FTBW9CM3RKB13503,2024,N/A,https://ev.com/vehicle/1hlca8,2024FordE-Transit-350 Cargo Van,"$40,070"
Ford,159 mi,15 minutes,N/A,266 HP,Up to 2,N/A,VK,SAE CCS DC fast charge connector,96 month/100000 miles,1FTBW9CM5RKB11963,2024,N/A,https://ev.com/vehicle/va222e,2024FordE-Transit-350 Cargo Van,"$40,070"
Ford,159 mi,15 minutes,N/A,266 HP,Up to 2,N/A,VK,SAE CCS DC fast charge connector,96 month/100000 miles,1FTBW9CM6RKB11888,2024,N/A,https://ev.com/vehicle/gkp8j4,2024FordE-Transit-350 Cargo Van,"$39,825"
Ford,159 mi,15 minutes,N/A,266 HP,Up to 2,N/A,VK,SAE CCS DC fast charge connector,96 month/100000 miles,1FTBW9CM7RKB13505,2024,N/A,https://ev.com/vehicle/ofi5vs,2024FordE-Transit-350 Cargo Van,"$40,070"
Ford,159 mi,15 minutes,N/A,266 HP,Up to 2,N/A,VK,SAE CCS DC fast charge connector,96 month/100000 miles,1FTBW9CM8RKB11892,2024,N/A,https://ev.com/vehicle/h9dn20,2024FordE-Transit-350 Cargo Van,"$40,115"
Ford,126 mi,34 minutes,158 mi,266 HP,Up to 2,White,Black,SAE CCS DC fast charge connector,96 month/100000 miles,1FTBW9CK6PKA89855,2023,N/A,https://ev.com/vehicle/sp74ge,2023FordE-Transit-350 Cargo Van,"$46,408"
Ford,159 mi,15 minutes,32 mi,266 HP,Up to 2,White,Dark Palazzo Gray,SAE CCS DC fast charge connector,96 month/100000 miles,1FTBW9CM4RKB12005,2024,N/A,https://ev.com/vehicle/2ks10m,2024FordE-Transit-350 Cargo Van,"$60,456"
Ford,240 mi,44 minutes,"9,722 mi",462 HP,Up to 5,Gray,Medium Dark Slate,SAE CCS DC fast charge connector,96 month/100000 miles,1FTVW1EL9PWG11424,2023,N/A,https://ev.com/vehicle/wvm4p9,2023FordF-150 LightningPro,"$36,231"
Ford,300 mi,41 minutes,56 mi,580 HP,Up to 5,Gray,Medium Dark Slate,SAE CCS DC fast charge connector,96 month/100000 miles,1FTVW3L76SWG02352,2025,N/A,https://ev.com/vehicle/enzhy4,2025FordF-150 LightningFlash,"$47,755"
Ford,320 mi,41 minutes,156 mi,580 HP,Up to 5,White,Medium Dark Slate,SAE CCS DC fast charge connector,96 month/100000 miles,1FT6W1B72RWG28953,2024,N/A,https://ev.com/vehicle/6p8v78,2024FordF-150 LightningPro,"$55,785"
Ford,300 mi,41 minutes,40 mi,580 HP,Up to 5,Agate Black Metallic,Medium Dark Slate,SAE CCS DC fast charge connector,96 month/100000 miles,1FT6W3L71SWG01095,2025,N/A,https://ev.com/vehicle/ysgdza,2025FordF-150 LightningFlash,"$49,211"
Ford,320 mi,41 minutes,157 mi,580 HP,Up to 5,White,Medium Dark Slate,SAE CCS DC fast charge connector,96 month/100000 miles,1FT6W1B71RWG33206,2024,N/A,https://ev.com/vehicle/mbg7fw,2024FordF-150 LightningPro,"$55,785"
Ford,240 mi,44 minutes,27 mi,452 HP,Up to 5,White,"""med Dk Sla""",SAE CCS DC fast charge connector,96 month/100000 miles,1FTVW3LK1SWG00822,2025,N/A,https://ev.com/vehicle/xgm4bu,2025FordF-150 LightningXLT,"$44,485"
Ford,240 mi,44 minutes,23 mi,452 HP,Up to 5,White,"""blk W/Med""",SAE CCS DC fast charge connector,96 month/100000 miles,1FTVW3LK5SWG13671,2025,N/A,https://ev.com/vehicle/ajpcyh,2025FordF-150 LightningXLT,"$44,135"
Ford,300 mi,41 minutes,34 mi,580 HP,Up to 5,Agate Black Metallic,Medium Dark Slate,SAE CCS DC fast charge connector,96 month/100000 miles,1FT6W3L71SWG00979,2025,N/A,https://ev.com/vehicle/wk3svg,2025FordF-150 LightningFlash,"$49,222"
Ford,300 mi,41 minutes,12 mi,580 HP,Up to 5,N/A,N/A,SAE CCS DC fast charge connector,96 month/100000 miles,1FT6W3L79SWG00602,2025,N/A,https://ev.com/vehicle/jar8cf,2025FordF-150 LightningFlash,"$51,360"
Ford,320 mi,41 minutes,10 mi,580 HP,Up to 5,N/A,N/A,SAE CCS DC fast charge connector,96 month/100000 miles,1FT6W5L76SWG11889,2025,N/A,https://ev.com/vehicle/sqtris,2025FordF-150 LightningLARIAT,"$59,160"
Ford,300 mi,41 minutes,10 mi,536 HP,Up to 5,N/A,N/A,SAE CCS DC fast charge connector,96 month/100000 miles,1FT6W3LU4SWG12520,2025,N/A,https://ev.com/vehicle/vpr8d5,2025FordF-150 LightningFlash,"$51,790"
Ford,240 mi,44 minutes,"14,483 mi",462 HP,Up to 5,Gray,Black/Medium Dark Slate,SAE CCS DC fast charge connector,96 month/100000 miles,1FTVW1EL7PWG45040,2023,N/A,https://ev.com/vehicle/2lmuy9,2023FordF-150 LightningLARIAT,"$42,540"
Ford,320 mi,41 minutes,51 mi,580 HP,Up to 5,Silver,Medium Dark Slate,SAE CCS DC fast charge connector,96 month/100000 miles,1FT6W1B76RWG32844,2024,N/A,https://ev.com/vehicle/lnzmfo,2024FordF-150 LightningPro,"$55,785"
Ford,320 mi,41 minutes,222 mi,580 HP,Up to 5,Black,Medium Dark Slate,SAE CCS DC fast charge connector,96 month/100000 miles,1FT6W1B70RWG32953,2024,N/A,https://ev.com/vehicle/zc0e8i,2024FordF-150 LightningPro,"$55,785"
Ford,320 mi,41 minutes,195 mi,580 HP,Up to 5,Black,Medium Dark Slate,SAE CCS DC fast charge connector,96 month/100000 miles,1FT6W1B70RWG33200,2024,N/A,https://ev.com/vehicle/2qmapz,2024FordF-150 LightningPro,"$55,785"
Ford,320 mi,41 minutes,99 mi,580 HP,Up to 5,White,Medium Dark Slate,SAE CCS DC fast charge connector,96 month/100000 miles,1FT6W1B78RWG28861,2024,N/A,https://ev.com/vehicle/p2ztot,2024FordF-150 LightningPro,"$50,124"
Ford,240 mi,44 minutes,13 mi,452 HP,Up to 5,Black,Medium Dark Slate,SAE CCS DC fast charge connector,96 month/100000 miles,1FTVW3LK4SWG13869,2025,N/A,https://ev.com/vehicle/u9gk4s,2025FordF-150 LightningXLT,"$52,826"
Ford,240 mi,44 minutes,15 mi,452 HP,Up to 5,Silver,Medium Dark Slate,SAE CCS DC fast charge connector,96 month/100000 miles,1FTVW3LK2SWG13837,2025,N/A,https://ev.com/vehicle/xmibnc,2025FordF-150 LightningXLT,"$40,331"
Ford,300 mi,41 minutes,41 mi,580 HP,Up to 5,White,Medium Dark Slate,SAE CCS DC fast charge connector,96 month/100000 miles,1FT6W3L7XSWG01497,2025,N/A,https://ev.com/vehicle/9wm8is,2025FordF-150 LightningFlash,"$47,991"
Ford,300 mi,41 minutes,33 mi,536 HP,Up to 5,Silver,Medium Dark Slate,SAE CCS DC fast charge connector,96 month/100000 miles,1FTVW3LU2SWG10728,2025,N/A,https://ev.com/vehicle/kck056,2025FordF-150 LightningFlash,"$49,560"
Ford,240 mi,44 minutes,5 mi,452 HP,Up to 5,White,Md Dark Slate 40 C,SAE CCS DC fast charge connector,96 month/100000 miles,1FTVW3LKXSWG15674,2025,N/A,https://ev.com/vehicle/ou90s7,2025FordF-150 LightningXLT,"$43,028"
Ford,300 mi,41 minutes,82 mi,580 HP,Up to 5,SILVER,BLK UNIQUE,SAE CCS DC fast charge connector,96 month/100000 miles,1FT6W7L70RWG02644,2024,N/A,https://ev.com/vehicle/sj275h,2024FordF-150 LightningPlatinum,"$78,151"
Ford,320 mi,41 minutes,48 mi,580 HP,Up to 5,Oxford White,Medium Dark Slate,SAE CCS DC fast charge connector,96 month/100000 miles,1FTVW3L73RWG20253,2024,N/A,https://ev.com/vehicle/knp1q2,2024FordF-150 LightningFlash,"$50,949"
Ford,320 mi,41 minutes,5 mi,580 HP,Up to 5,Blue,Medium Dark Slate,SAE CCS DC fast charge connector,96 month/100000 miles,1FT6W1B71RWG32816,2024,N/A,https://ev.com/vehicle/j3gbrb,2024FordF-150 LightningPro,"$55,785"
Ford,320 mi,41 minutes,50 mi,580 HP,Up to 5,White,Medium Dark Slate,SAE CCS DC fast charge connector,96 month/100000 miles,1FT6W1B76RWG32830,2024,N/A,https://ev.com/vehicle/12qcgm,2024FordF-150 LightningPro,"$55,785"
Ford,240 mi,44 minutes,1 mi,452 HP,Up to 5,White,Medium Dark Slate,SAE CCS DC fast charge connector,96 month/100000 miles,1FTVW3LK8SWG16385,2025,N/A,https://ev.com/vehicle/vs7997,2025FordF-150 LightningXLT,"$40,492"
Ford,300 mi,41 minutes,9 mi,536 HP,Up to 5,Antimatter Blue Metallic,N/A,SAE CCS DC fast charge connector,96 month/100000 miles,1FT6W3LU0SWG07380,2025,N/A,https://ev.com/vehicle/7gf2rq,2025FordF-150 LightningFlash,"$54,085"
Ford,300 mi,41 minutes,10 mi,580 HP,Up to 5,White,Black,SAE CCS DC fast charge connector,96 month/100000 miles,1FT6W7L72SWG03879,2025,N/A,https://ev.com/vehicle/9agm0z,2025FordF-150 LightningPlatinum,"$66,565"
Ford,300 mi,41 minutes,2 mi,580 HP,Up to 5,White,Black,SAE CCS DC fast charge connector,96 month/100000 miles,1FT6W7L73SWG00425,2025,N/A,https://ev.com/vehicle/bwcknl,2025FordF-150 LightningPlatinum,"$66,382"
Ford,250 mi,32 minutes,12 mi,264 HP,Up to 5,Black,Black,SAE CCS DC fast charge connector,96 month/100000 miles,3FMTK3R43SMA20527,2025,N/A,https://ev.com/vehicle/u02bfu,2025FordMustang Mach-EPremium,"$30,076"
Ford,280 mi,36 minutes,N/A,480 HP,Up to 5,Glacier Gray Metallic TriCoat,Performance Gray,SAE CCS DC fast charge connector,96 month/100000 miles,3FMTK4SX4SMA16710,2025,N/A,https://ev.com/vehicle/u24vij,2025FordMustang Mach-EGT,"$45,669"
Ford,310 mi,45 minutes,N/A,290 HP,Up to 5,Eruption Green Metallic,Black Onyx,SAE CCS DC fast charge connector,96 month/100000 miles,3FMTK3R7XSMA08482,2025,N/A,https://ev.com/vehicle/b0fuvz,2025FordMustang Mach-EPremium,"$35,327"
Ford,280 mi,36 minutes,8 mi,480 HP,Up to 5,Velocity Blue Metallic,Performance Gray,SAE CCS DC fast charge connector,96 month/100000 miles,3FMTK4SX8SMA09615,2025,N/A,https://ev.com/vehicle/ktfpdy,2025FordMustang Mach-EGT,"$44,584"
Ford,310 mi,45 minutes,"6,327 mi",264 HP,Up to 5,Green,Black Onyx,SAE CCS DC fast charge connector,96 month/100000 miles,3FMTK3R71RMA28890,2024,N/A,https://ev.com/vehicle/o82mfl,2024FordMustang Mach-EPremium,"$60,745"
Ford,320 mi,36 minutes,11 mi,365 HP,Up to 5,Black,"""mj""",SAE CCS DC fast charge connector,96 month/100000 miles,3FMTK3SU3SMA03186,2025,N/A,https://ev.com/vehicle/m8rkmt,2025FordMustang Mach-EPremium,"$38,510"
Ford,250 mi,32 minutes,14 mi,264 HP,Up to 5,Grabber Blue Metallic,Black Onyx,SAE CCS DC fast charge connector,96 month/100000 miles,3FMTK1R44RMA42924,2024,N/A,https://ev.com/vehicle/auhpf7,2024FordMustang Mach-ESelect,"$31,853"
Ford,250 mi,32 minutes,25 mi,264 HP,Up to 5,Grabber Blue Metallic,Black Onyx,SAE CCS DC fast charge connector,96 month/100000 miles,3FMTK1R4XRMA40708,2024,N/A,https://ev.com/vehicle/kuef7i,2024FordMustang Mach-ESelect,"$32,504"
Ford,250 mi,32 minutes,95 mi,264 HP,Up to 5,GREEN,BLK ONYX ACTIVEX BUCKET SEATS,SAE CCS DC fast charge connector,96 month/100000 miles,3FMTK1R4XRMA43561,2024,N/A,https://ev.com/vehicle/2wck1e,2024FordMustang Mach-ESelect,"$31,853"
Ford,250 mi,Coming Soon,"19,047 mi",266 HP,Up to 5,White,Black Onyx,SAE CCS DC fast charge connector,96 month/100000 miles,3FMTK1RM9PMA36081,2023,N/A,https://ev.com/vehicle/ieczeb,2023FordMustang Mach-ESelect,"$15,740"
Ford,320 mi,36 minutes,10 mi,365 HP,Up to 5,N/A,N/A,SAE CCS DC fast charge connector,96 month/100000 miles,3FMTK3SU2SMA03695,2025,N/A,https://ev.com/vehicle/mrmdg2,2025FordMustang Mach-EPremium,"$44,100"
Ford,280 mi,36 minutes,10 mi,480 HP,Up to 5,N/A,N/A,SAE CCS DC fast charge connector,96 month/100000 miles,3FMTK4SX4SMA04038,2025,N/A,https://ev.com/vehicle/dt0exa,2025FordMustang Mach-EGT,"$49,845"
Ford,280 mi,36 minutes,10 mi,480 HP,Up to 5,N/A,N/A,SAE CCS DC fast charge connector,96 month/100000 miles,3FMTK4SX4SMA04993,2025,N/A,https://ev.com/vehicle/6k4t9z,2025FordMustang Mach-EGT,"$50,250"
Ford,280 mi,36 minutes,10 mi,480 HP,Up to 5,N/A,N/A,SAE CCS DC fast charge connector,96 month/100000 miles,3FMTK4SX9SMA03628,2025,N/A,https://ev.com/vehicle/ajnttu,2025FordMustang Mach-EGT,"$48,755"
Ford,250 mi,32 minutes,10 mi,264 HP,Up to 5,N/A,N/A,SAE CCS DC fast charge connector,96 month/100000 miles,3FMTK1R49SMA07950,2025,N/A,https://ev.com/vehicle/992n1s,2025FordMustang Mach-ESelect,"$31,055"
Ford,250 mi,32 minutes,10 mi,264 HP,Up to 5,N/A,N/A,SAE CCS DC fast charge connector,96 month/100000 miles,3FMTK3R46SMA02507,2025,N/A,https://ev.com/vehicle/d01uwh,2025FordMustang Mach-EPremium,"$34,355"
Ford,250 mi,32 minutes,10 mi,264 HP,Up to 5,N/A,N/A,SAE CCS DC fast charge connector,96 month/100000 miles,3FMTK3R44SMA02621,2025,N/A,https://ev.com/vehicle/vvjtjd,2025FordMustang Mach-EPremium,"$34,355"
Ford,320 mi,36 minutes,10 mi,365 HP,Up to 5,N/A,N/A,SAE CCS DC fast charge connector,96 month/100000 miles,3FMTK3SU2SMA02949,2025,N/A,https://ev.com/vehicle/0nvxhr,2025FordMustang Mach-EPremium,"$43,855"
Ford,250 mi,32 minutes,10 mi,264 HP,Up to 5,N/A,N/A,SAE CCS DC fast charge connector,96 month/100000 miles,3FMTK1R4XSMA08976,2025,N/A,https://ev.com/vehicle/vf2uhs,2025FordMustang Mach-ESelect,"$28,760"
Ford,250 mi,32 minutes,10 mi,264 HP,Up to 5,N/A,N/A,SAE CCS DC fast charge connector,96 month/100000 miles,3FMTK3R42SMA08904,2025,N/A,https://ev.com/vehicle/cxj6m2,2025FordMustang Mach-EPremium,"$36,855"
Ford,310 mi,45 minutes,10 mi,290 HP,Up to 5,N/A,N/A,SAE CCS DC fast charge connector,96 month/100000 miles,3FMTK3R73SMA10915,2025,N/A,https://ev.com/vehicle/7vktiq,2025FordMustang Mach-EPremium,"$37,860"
Ford,310 mi,45 minutes,10 mi,290 HP,Up to 5,N/A,N/A,SAE CCS DC fast charge connector,96 month/100000 miles,3FMTK3R79SMA11521,2025,N/A,https://ev.com/vehicle/eith6d,2025FordMustang Mach-EPremium,"$40,855"
Ford,310 mi,45 minutes,10 mi,290 HP,Up to 5,N/A,N/A,SAE CCS DC fast charge connector,96 month/100000 miles,3FMTK3R72SMA11022,2025,N/A,https://ev.com/vehicle/3j9qd8,2025FordMustang Mach-EPremium,"$41,350"
Ford,310 mi,45 minutes,10 mi,290 HP,Up to 5,N/A,N/A,SAE CCS DC fast charge connector,96 month/100000 miles,3FMTK3R71SMA07091,2025,N/A,https://ev.com/vehicle/vz2pce,2025FordMustang Mach-EPremium,"$41,850"
Ford,250 mi,32 minutes,10 mi,264 HP,Up to 5,N/A,N/A,SAE CCS DC fast charge connector,96 month/100000 miles,3FMTK1R4XSMA15300,2025,N/A,https://ev.com/vehicle/xmwsyl,2025FordMustang Mach-ESelect,"$31,555"
Ford,250 mi,32 minutes,10 mi,264 HP,Up to 5,N/A,N/A,SAE CCS DC fast charge connector,96 month/100000 miles,3FMTK1R4XSMA12848,2025,N/A,https://ev.com/vehicle/r6bltd,2025FordMustang Mach-ESelect,"$30,955"
Ford,250 mi,32 minutes,10 mi,264 HP,Up to 5,N/A,N/A,SAE CCS DC fast charge connector,96 month/100000 miles,3FMTK1R44SMA17124,2025,N/A,https://ev.com/vehicle/cbufgc,2025FordMustang Mach-ESelect,"$31,555"
Ford,310 mi,45 minutes,10 mi,290 HP,Up to 5,N/A,N/A,SAE CCS DC fast charge connector,96 month/100000 miles,3FMTK3R73SMA12809,2025,N/A,https://ev.com/vehicle/e7uw4d,2025FordMustang Mach-EPremium,"$37,660"
Ford,310 mi,45 minutes,14 mi,290 HP,Up to 5,N/A,N/A,SAE CCS DC fast charge connector,96 month/100000 miles,3FMTK3R75SMA12861,2025,N/A,https://ev.com/vehicle/ddrl58,2025FordMustang Mach-EPremium,"$38,155"
Ford,250 mi,32 minutes,10 mi,264 HP,Up to 5,N/A,N/A,SAE CCS DC fast charge connector,96 month/100000 miles,3FMTK1R45SMA14183,2025,N/A,https://ev.com/vehicle/l4bwcu,2025FordMustang Mach-ESelect,"$29,260"
Ford,250 mi,32 minutes,14 mi,264 HP,Up to 5,N/A,N/A,SAE CCS DC fast charge connector,96 month/100000 miles,3FMTK3R40SMA18069,2025,N/A,https://ev.com/vehicle/uiaesm,2025FordMustang Mach-EPremium,"$31,765"
Ford,250 mi,32 minutes,10 mi,264 HP,Up to 5,N/A,N/A,SAE CCS DC fast charge connector,96 month/100000 miles,3FMTK1R48SMA08880,2025,N/A,https://ev.com/vehicle/dvr68s,2025FordMustang Mach-ESelect,"$28,265"
Ford,310 mi,45 minutes,10 mi,290 HP,Up to 5,N/A,N/A,SAE CCS DC fast charge connector,96 month/100000 miles,3FMTK3R72SMA22568,2025,N/A,https://ev.com/vehicle/vijxds,2025FordMustang Mach-EPremium,"$37,860"
Ford,310 mi,45 minutes,10 mi,290 HP,Up to 5,N/A,N/A,SAE CCS DC fast charge connector,96 month/100000 miles,3FMTK3R76SMA20290,2025,N/A,https://ev.com/vehicle/6kqhgw,2025FordMustang Mach-EPremium,"$41,350"
Ford,280 mi,36 minutes,10 mi,480 HP,Up to 5,N/A,N/A,SAE CCS DC fast charge connector,96 month/100000 miles,3FMTK4SX9SMA17903,2025,N/A,https://ev.com/vehicle/b0a080,2025FordMustang Mach-EGT,"$49,550"
Ford,310 mi,45 minutes,10 mi,290 HP,Up to 5,N/A,N/A,SAE CCS DC fast charge connector,96 month/100000 miles,3FMTK3R79SMA15469,2025,N/A,https://ev.com/vehicle/d6x6ue,2025FordMustang Mach-EPremium,"$40,855"
Ford,250 mi,32 minutes,10 mi,264 HP,Up to 5,N/A,N/A,SAE CCS DC fast charge connector,96 month/100000 miles,3FMTK1R46SMA16668,2025,N/A,https://ev.com/vehicle/1pk4yt,2025FordMustang Mach-ESelect,"$28,265"
Ford,250 mi,32 minutes,10 mi,264 HP,Up to 5,N/A,N/A,SAE CCS DC fast charge connector,96 month/100000 miles,3FMTK1R42SMA07899,2025,N/A,https://ev.com/vehicle/n1w95k,2025FordMustang Mach-ESelect,"$29,260"
Ford,250 mi,32 minutes,10 mi,264 HP,Up to 5,N/A,N/A,SAE CCS DC fast charge connector,96 month/100000 miles,3FMTK1R44SMA07337,2025,N/A,https://ev.com/vehicle/9vs2u2,2025FordMustang Mach-ESelect,"$31,555"
Ford,250 mi,32 minutes,14 mi,264 HP,Up to 5,N/A,N/A,SAE CCS DC fast charge connector,96 month/100000 miles,3FMTK1R45SMA07671,2025,N/A,https://ev.com/vehicle/cokjp6,2025FordMustang Mach-ESelect,"$31,055"
Ford,250 mi,32 minutes,10 mi,264 HP,Up to 5,N/A,N/A,SAE CCS DC fast charge connector,96 month/100000 miles,3FMTK3R45SMA14969,2025,N/A,https://ev.com/vehicle/xp8iw5,2025FordMustang Mach-EPremium,"$34,360"
Ford,250 mi,32 minutes,10 mi,264 HP,Up to 5,N/A,N/A,SAE CCS DC fast charge connector,96 month/100000 miles,3FMTK1R44SMA07693,2025,N/A,https://ev.com/vehicle/xkdtpg,2025FordMustang Mach-ESelect,"$30,560"
Ford,250 mi,32 minutes,10 mi,264 HP,Up to 5,N/A,N/A,SAE CCS DC fast charge connector,96 month/100000 miles,3FMTK1R41SMA06856,2025,N/A,https://ev.com/vehicle/p552d7,2025FordMustang Mach-ESelect,"$31,555"
Ford,250 mi,32 minutes,10 mi,264 HP,Up to 5,N/A,N/A,SAE CCS DC fast charge connector,96 month/100000 miles,3FMTK1R41SMA19865,2025,N/A,https://ev.com/vehicle/cpz98q,2025FordMustang Mach-ESelect,"$31,055"
Ford,250 mi,32 minutes,10 mi,264 HP,Up to 5,N/A,N/A,SAE CCS DC fast charge connector,96 month/100000 miles,3FMTK1R46SMA19893,2025,N/A,https://ev.com/vehicle/v04les,2025FordMustang Mach-ESelect,"$30,955"
Ford,310 mi,45 minutes,11 mi,290 HP,Up to 5,N/A,N/A,SAE CCS DC fast charge connector,96 month/100000 miles,3FMTK3R73SMA18612,2025,N/A,https://ev.com/vehicle/ceh745,2025FordMustang Mach-EPremium,"$38,655"
Ford,250 mi,32 minutes,10 mi,264 HP,Up to 5,N/A,N/A,SAE CCS DC fast charge connector,96 month/100000 miles,3FMTK1R48SMA19166,2025,N/A,https://ev.com/vehicle/85ingu,2025FordMustang Mach-ESelect,"$29,960"
Ford,310 mi,45 minutes,15 mi,290 HP,Up to 5,N/A,N/A,SAE CCS DC fast charge connector,96 month/100000 miles,3FMTK3R71SMA19869,2025,N/A,https://ev.com/vehicle/vf7k2r,2025FordMustang Mach-EPremium,"$38,755"
Ford,320 mi,36 minutes,10 mi,365 HP,Up to 5,N/A,N/A,SAE CCS DC fast charge connector,96 month/100000 miles,3FMTK3SU9SMA20283,2025,N/A,https://ev.com/vehicle/7nry5i,2025FordMustang Mach-EPremium,"$41,355"
Ford,280 mi,36 minutes,55 mi,480 HP,Up to 5,Velocity Blue Metallic,Performance Gray,SAE CCS DC fast charge connector,96 month/100000 miles,3FMTK4SX4SMA15511,2025,N/A,https://ev.com/vehicle/np9nhb,2025FordMustang Mach-EGT,"$51,115"
Ford,305 mi,45 minutes,"49,544 mi",290 HP,Up to 5,Gray,Black Onyx,SAE CCS DC fast charge connector,96 month/100000 miles,3FMTK2R70MMA25949,2021,91 kWh,https://ev.com/vehicle/9zuo1h,2021FordMustang Mach-ECalifornia Route 1,"$9,575"
Ford,247 mi,Coming Soon,"22,705 mi",266 HP,Up to 5,White,Light Space Gray,SAE CCS DC fast charge connector,96 month/100000 miles,3FMTK3RM1NMA04007,2022,N/A,https://ev.com/vehicle/8qp7bq,2022FordMustang Mach-EPremium,"$19,375"
Ford,250 mi,Coming Soon,"16,762 mi",266 HP,Up to 5,Gray,Light Space Gray,SAE CCS DC fast charge connector,96 month/100000 miles,3FMTK3RM6PMA48782,2023,N/A,https://ev.com/vehicle/n7hdq0,2023FordMustang Mach-EPremium,"$22,175"
Ford,310 mi,45 minutes,57 mi,290 HP,Up to 5,Black,Black Onyx,SAE CCS DC fast charge connector,96 month/100000 miles,3FMTK3R79RMA38714,2024,N/A,https://ev.com/vehicle/a2qjf6,2024FordMustang Mach-EPremium,"$32,240"
Ford,310 mi,45 minutes,9 mi,290 HP,Up to 5,Green,Black Onyx,SAE CCS DC fast charge connector,96 month/100000 miles,3FMTK3R72SMA18875,2025,N/A,https://ev.com/vehicle/e09ctp,2025FordMustang Mach-EPremium,"$35,723"
Ford,320 mi,36 minutes,22 mi,365 HP,Up to 5,White,Black Onyx,SAE CCS DC fast charge connector,96 month/100000 miles,3FMTK1SU5RMA50380,2024,N/A,https://ev.com/vehicle/pc6wa8,2024FordMustang Mach-ESelect,"$42,150"
Ford,320 mi,36 minutes,5 mi,365 HP,Up to 5,White,Black Onyx,SAE CCS DC fast charge connector,96 month/100000 miles,3FMTK1SU6RMA49867,2024,N/A,https://ev.com/vehicle/jgmtkm,2024FordMustang Mach-ESelect,"$44,145"
Ford,250 mi,32 minutes,11 mi,325 HP,Up to 5,Red,Black Onyx,SAE CCS DC fast charge connector,96 month/100000 miles,3FMTK1S55RMA53689,2024,N/A,https://ev.com/vehicle/z662gr,2024FordMustang Mach-ESelect,"$37,350"
Ford,320 mi,36 minutes,5 mi,365 HP,Up to 5,Black,Black Onyx,SAE CCS DC fast charge connector,96 month/100000 miles,3FMTK1SU1RMA49906,2024,N/A,https://ev.com/vehicle/ow7d68,2024FordMustang Mach-ESelect,"$44,020"
Ford,320 mi,36 minutes,5 mi,365 HP,Up to 5,Gray,Black Onyx,SAE CCS DC fast charge connector,96 month/100000 miles,3FMTK1SU6RMA49965,2024,N/A,https://ev.com/vehicle/45xo7d,2024FordMustang Mach-ESelect,"$43,725"
Ford,320 mi,36 minutes,5 mi,365 HP,Up to 5,Gray,Black Onyx,SAE CCS DC fast charge connector,96 month/100000 miles,3FMTK1SU9RMA49927,2024,N/A,https://ev.com/vehicle/2987q3,2024FordMustang Mach-ESelect,"$43,515"
Ford,250 mi,32 minutes,5 mi,264 HP,Up to 5,White,Sj,SAE CCS DC fast charge connector,96 month/100000 miles,3FMTK1R49SMA09620,2025,N/A,https://ev.com/vehicle/i5b6w6,2025FordMustang Mach-ESelect,"$31,555"
Ford,250 mi,32 minutes,9 mi,264 HP,Up to 5,MOLTEN MAGENTA TINTED CC,SJ,SAE CCS DC fast charge connector,96 month/100000 miles,3FMTK1R49SMA14980,2025,N/A,https://ev.com/vehicle/ulargi,2025FordMustang Mach-ESelect,"$31,055"
Ford,280 mi,36 minutes,N/A,480 HP,Up to 5,Glacier Gray Metallic Tricoat,Gray,SAE CCS DC fast charge connector,96 month/100000 miles,3FMTK4SXXSMA15738,2025,N/A,https://ev.com/vehicle/ikttdh,2025FordMustang Mach-EGT,"$50,050"
Ford,250 mi,Coming Soon,"6,980 mi",266 HP,Up to 5,White,Black Onyx,SAE CCS DC fast charge connector,96 month/100000 miles,3FMTK3R46PMB04395,2023,N/A,https://ev.com/vehicle/mh69vj,2023FordMustang Mach-EPremium,"$24,740"
Ford,280 mi,36 minutes,2 mi,480 HP,Up to 5,White,Performance Gray,SAE CCS DC fast charge connector,96 month/100000 miles,3FMTK4SX1SMA17622,2025,N/A,https://ev.com/vehicle/t2y6lh,2025FordMustang Mach-EGT,"$46,154"
Ford,310 mi,45 minutes,1 mi,290 HP,Up to 5,Shadow Black,Black Onyx,SAE CCS DC fast charge connector,96 month/100000 miles,3FMTK3R70SMA10290,2025,N/A,https://ev.com/vehicle/refmry,2025FordMustang Mach-EPremium,"$40,175"
Ford,310 mi,45 minutes,2 mi,290 HP,Up to 5,Shadow Black,Black Onyx,SAE CCS DC fast charge connector,96 month/100000 miles,3FMTK3R79SMA19859,2025,N/A,https://ev.com/vehicle/o7m4sp,2025FordMustang Mach-EPremium,"$36,410"
Ford,250 mi,32 minutes,10 mi,264 HP,Up to 5,Desert Sand,Black Onyx,SAE CCS DC fast charge connector,96 month/100000 miles,3FMTK3R40SMA04611,2025,N/A,https://ev.com/vehicle/oyc210,2025FordMustang Mach-EPremium,"$37,425"
Ford,280 mi,36 minutes,30 mi,480 HP,Up to 5,GLACIER GRAY,Gray,SAE CCS DC fast charge connector,96 month/100000 miles,3FMTK4SX4SMA03729,2025,N/A,https://ev.com/vehicle/n51uhp,2025FordMustang Mach-EGT,"$50,250"
Ford,250 mi,32 minutes,244 mi,264 HP,Up to 5,Black,Onyx,SAE CCS DC fast charge connector,96 month/100000 miles,3FMTK1R47SMA12953,2025,N/A,https://ev.com/vehicle/ib27gv,2025FordMustang Mach-ESelect,"$31,025"
Ford,250 mi,32 minutes,3 mi,264 HP,Up to 5,Black,Black,SAE CCS DC fast charge connector,96 month/100000 miles,3FMTK1R47SMA13536,2025,N/A,https://ev.com/vehicle/mc3hzh,2025FordMustang Mach-ESelect,"$37,760"
Ford,37 mi,N/A,15 mi,163 HP,Up to 5,Black,Ebony Black,N/A,N/A,1FMCU0E13RUA94217,2024,14.4 kWh,https://ev.com/vehicle/y7rtxe,2024FordEscapePHEV,"$24,675"
Ford,37 mi,N/A,228 mi,163 HP,Up to 5,Blue,Ebony,N/A,N/A,1FMCU0E19SUA14618,2025,14.4 kWh,https://ev.com/vehicle/bwlmny,2025FordEscapePHEV,"$29,370"
Ford,37 mi,N/A,26 mi,163 HP,Up to 5,Blue,Ebony,N/A,N/A,1FMCU0E16SUA22112,2025,14.4 kWh,https://ev.com/vehicle/k24nt4,2025FordEscapePHEV,"$25,172"
Ford,37 mi,N/A,5 mi,163 HP,Up to 5,Red,Black,N/A,N/A,1FMCU0E10SUA17049,2025,14.4 kWh,https://ev.com/vehicle/qxen55,2025FordEscapePHEV,"$31,219"
Ford,37 mi,N/A,7 mi,163 HP,Up to 5,White,Ebony,N/A,N/A,1FMCU0E10SUA19402,2025,14.4 kWh,https://ev.com/vehicle/fj0349,2025FordEscapePHEV,"$31,584"
Ford,37 mi,N/A,5 mi,163 HP,Up to 5,Blue,Ebony,N/A,N/A,1FMCU0E15SUA05124,2025,14.4 kWh,https://ev.com/vehicle/kjlp37,2025FordEscapePHEV,"$30,924"
Ford,37 mi,N/A,8 mi,163 HP,Up to 5,Silver,Gray,N/A,N/A,1FMCU0E16SUA01888,2025,14.4 kWh,https://ev.com/vehicle/q6y7b0,2025FordEscapePHEV,"$30,924"
Ford,37 mi,N/A,9 mi,163 HP,Up to 5,Blue,Ebony,N/A,N/A,1FMCU0E16SUA06539,2025,14.4 kWh,https://ev.com/vehicle/afqc5q,2025FordEscapePHEV,"$30,924"
Ford,37 mi,N/A,5 mi,163 HP,Up to 5,Silver,Ebony,N/A,N/A,1FMCU0E16SUA17086,2025,14.4 kWh,https://ev.com/vehicle/79iz5g,2025FordEscapePHEV,"$30,724"
Ford,37 mi,N/A,5 mi,163 HP,Up to 5,Gray,Ebony,N/A,N/A,1FMCU0E16SUA17542,2025,14.4 kWh,https://ev.com/vehicle/zt70e9,2025FordEscapePHEV,"$30,724"
Ford,37 mi,N/A,5 mi,163 HP,Up to 5,Silver,Ebony,N/A,N/A,1FMCU0E17SUA03018,2025,14.4 kWh,https://ev.com/vehicle/rna1cf,2025FordEscapePHEV,"$30,924"
Ford,37 mi,N/A,5 mi,163 HP,Up to 5,Gray,Ebony,N/A,N/A,1FMCU0E17SUA04055,2025,14.4 kWh,https://ev.com/vehicle/3io7w3,2025FordEscapePHEV,"$30,924"
Ford,37 mi,N/A,8 mi,163 HP,Up to 5,White,Ebony,N/A,N/A,1FMCU0E18SUA20040,2025,14.4 kWh,https://ev.com/vehicle/fbag6g,2025FordEscapePHEV,"$31,584"
Ford,37 mi,N/A,5 mi,163 HP,Up to 5,White,Ebony,N/A,N/A,1FMCU0E19SUA02047,2025,14.4 kWh,https://ev.com/vehicle/2zryhl,2025FordEscapePHEV,"$31,919"
Ford,37 mi,N/A,5 mi,163 HP,Up to 5,White,Ebony,N/A,N/A,1FMCU0E19SUA35811,2025,14.4 kWh,https://ev.com/vehicle/pzmbyw,2025FordEscapePHEV,"$31,719"
Ford,37 mi,N/A,8 mi,163 HP,Up to 5,White,Ebony,N/A,N/A,1FMCU0E18SUA01486,2025,14.4 kWh,https://ev.com/vehicle/gvi269,2025FordEscapePHEV,"$31,919"
Ford,37 mi,N/A,2 mi,163 HP,Up to 5,Agate Black Metallic,Ebony,N/A,N/A,1FMCU0E16RUA32181,2024,14.4 kWh,https://ev.com/vehicle/n5ay24,2024FordEscapePHEV,"$40,110"
Ford,37 mi,N/A,7 mi,163 HP,Up to 5,Vapor Blue Metallic,Ebony,N/A,N/A,1FMCU0E18RUA67529,2024,14.4 kWh,https://ev.com/vehicle/s6oj6i,2024FordEscapePHEV,"$40,110"
Ford,37 mi,N/A,2 mi,163 HP,Up to 5,Star White Metallic Tri-Coat,Space Gray,N/A,N/A,1FMCU0E18RUA98795,2024,14.4 kWh,https://ev.com/vehicle/sdp82q,2024FordEscapePHEV,"$41,007"
Ford,37 mi,N/A,3 mi,163 HP,Up to 5,Rapid Red Metallic Tinted Clearcoat,Space Gray,N/A,N/A,1FMCU0E17RUB48666,2024,14.4 kWh,https://ev.com/vehicle/3fe1yk,2024FordEscapePHEV,"$34,620"
Ford,37 mi,N/A,2 mi,163 HP,Up to 5,Star White Metallic Tri-Coat,Ebony,N/A,N/A,1FMCU0E16RUB49968,2024,14.4 kWh,https://ev.com/vehicle/9fyit7,2024FordEscapePHEV,"$41,009"
Ford,37 mi,N/A,3 mi,163 HP,Up to 5,Carbonized Gray Metallic,Ebony,N/A,N/A,1FMCU0E12RUB51832,2024,14.4 kWh,https://ev.com/vehicle/1imk80,2024FordEscapePHEV,"$34,176"
Ford,37 mi,N/A,2 mi,163 HP,Up to 5,Agate Black Metallic,Ebony,N/A,N/A,1FMCU0E12RUA16995,2024,14.4 kWh,https://ev.com/vehicle/pugukk,2024FordEscapePHEV,"$40,114"
Ford,37 mi,N/A,24 mi,163 HP,Up to 5,Iconic Silver Metallic,Ebony,N/A,N/A,1FMCU0E17RUA49426,2024,14.4 kWh,https://ev.com/vehicle/ucuyyx,2024FordEscapePHEV,"$40,111"
Ford,37 mi,N/A,2 mi,163 HP,Up to 5,Star White Metallic Tri-Coat,Ebony,N/A,N/A,1FMCU0E17RUB13772,2024,14.4 kWh,https://ev.com/vehicle/erjk5u,2024FordEscapePHEV,"$41,008"
Ford,37 mi,N/A,47 mi,163 HP,Up to 5,N/A,N/A,N/A,N/A,1FMCU0E1XRUA50389,2024,14.4 kWh,https://ev.com/vehicle/6yfl6x,2024FordEscapePHEV,"$37,805"
Ford,37 mi,N/A,11 mi,163 HP,Up to 5,N/A,N/A,N/A,N/A,1FMCU0E16SUA29755,2025,14.4 kWh,https://ev.com/vehicle/xk5hrz,2025FordEscapePHEV,"$31,600"
Ford,37 mi,N/A,2 mi,163 HP,Up to 5,Star White Metallic Tri-Coat,Ebony,N/A,N/A,1FMCU0E10SUA35079,2025,14.4 kWh,https://ev.com/vehicle/diax7b,2025FordEscapePHEV,"$37,833"
Ford,37 mi,N/A,2 mi,163 HP,Up to 5,Vapor Blue Metallic,Ebony,N/A,N/A,1FMCU0E17SUA34592,2025,14.4 kWh,https://ev.com/vehicle/gffsp9,2025FordEscapePHEV,"$32,343"
Ford,37 mi,N/A,2 mi,163 HP,Up to 5,Carbonized Gray Metallic,Ebony,N/A,N/A,1FMCU0E16SUA52338,2025,14.4 kWh,https://ev.com/vehicle/8u020s,2025FordEscapePHEV,"$31,443"
Ford,37 mi,N/A,15 mi,163 HP,Up to 5,N/A,N/A,N/A,N/A,1FMCU0E16SUA49097,2025,14.4 kWh,https://ev.com/vehicle/39redz,2025FordEscapePHEV,"$31,090"
Ford,37 mi,N/A,14 mi,163 HP,Up to 5,N/A,N/A,N/A,N/A,1FMCU0E1XSUA68218,2025,14.4 kWh,https://ev.com/vehicle/4mcb4c,2025FordEscapePHEV,"$32,143"
Ford,37 mi,N/A,12 mi,163 HP,Up to 5,N/A,N/A,N/A,N/A,1FMCU0E16SUA67731,2025,14.4 kWh,https://ev.com/vehicle/ec1u6q,2025FordEscapePHEV,"$38,284"
Ford,37 mi,N/A,14 mi,163 HP,Up to 5,N/A,N/A,N/A,N/A,1FMCU0E16SUA51464,2025,14.4 kWh,https://ev.com/vehicle/siwymr,2025FordEscapePHEV,"$36,710"
Ford,37 mi,N/A,2 mi,163 HP,Up to 5,Vapor Blue Metallic,Space Gray,N/A,N/A,1FMCU0E15SUA45428,2025,14.4 kWh,https://ev.com/vehicle/a2yukf,2025FordEscapePHEV,"$36,409"
Ford,37 mi,N/A,11 mi,163 HP,Up to 5,N/A,N/A,N/A,N/A,1FMCU0E18SUA69321,2025,14.4 kWh,https://ev.com/vehicle/7wd7yq,2025FordEscapePHEV,"$31,600"
Ford,37 mi,N/A,12 mi,163 HP,Up to 5,N/A,N/A,N/A,N/A,1FMCU0E12SUA68827,2025,14.4 kWh,https://ev.com/vehicle/n52v6e,2025FordEscapePHEV,"$37,823"
Ford,37 mi,N/A,10 mi,163 HP,Up to 5,N/A,N/A,N/A,N/A,1FMCU0E10SUA81236,2025,14.4 kWh,https://ev.com/vehicle/za8mxc,2025FordEscapePHEV,"$32,341"
Ford,37 mi,N/A,66 mi,163 HP,Up to 5,Black,Ebony,N/A,N/A,1FMCU0E17SUA24077,2025,14.4 kWh,https://ev.com/vehicle/2qs3g4,2025FordEscapePHEV,"$29,464"
Ford,37 mi,N/A,66 mi,163 HP,Up to 5,Blue,Ebony,N/A,N/A,1FMCU0E13SUA36419,2025,14.4 kWh,https://ev.com/vehicle/8evwim,2025FordEscapePHEV,"$29,464"
Ford,37 mi,N/A,5 mi,163 HP,Up to 5,Blue,Space Gray,N/A,N/A,1FMCU0E18SUA77788,2025,14.4 kWh,https://ev.com/vehicle/neig4t,2025FordEscapePHEV,"$29,942"
Ford,37 mi,N/A,5 mi,163 HP,Up to 5,White,Ebony,N/A,N/A,1FMCU0E15SUA08234,2025,14.4 kWh,https://ev.com/vehicle/xenzw9,2025FordEscapePHEV,"$28,996"
Ford,37 mi,N/A,5 mi,163 HP,Up to 5,White,Ebony,N/A,N/A,1FMCU0E14SUA30080,2025,14.4 kWh,https://ev.com/vehicle/4562h1,2025FordEscapePHEV,"$29,176"
Ford,37 mi,N/A,5 mi,163 HP,Up to 5,White,Ebony,N/A,N/A,1FMCU0E16SUA28654,2025,14.4 kWh,https://ev.com/vehicle/wtaz48,2025FordEscapePHEV,"$29,118"
Ford,37 mi,N/A,5 mi,163 HP,Up to 5,White,Ebony,N/A,N/A,1FMCU0E18SUA55919,2025,14.4 kWh,https://ev.com/vehicle/yesa8p,2025FordEscapePHEV,"$31,357"
Ford,37 mi,N/A,5 mi,163 HP,Up to 5,White,Ebony,N/A,N/A,1FMCU0E17SUA55152,2025,14.4 kWh,https://ev.com/vehicle/rvt24j,2025FordEscapePHEV,"$31,537"
Ford,37 mi,N/A,5 mi,163 HP,Up to 5,SPACE SILV MET,EBONY HEAT,N/A,N/A,1FMCU0E13SUA54063,2025,14.4 kWh,https://ev.com/vehicle/uy0dhy,2025FordEscapePHEV,"$35,090"
Ford,37 mi,N/A,39 mi,163 HP,Up to 5,AGATE BLK MET,EBONY HEAT,N/A,N/A,1FMCU0E17SUA49867,2025,14.4 kWh,https://ev.com/vehicle/upr4f3,2025FordEscapePHEV,"$35,090"
Ford,37 mi,N/A,26 mi,163 HP,Up to 5,SPACE SILV MET,EBONY HEAT,N/A,N/A,1FMCU0E18SUA69349,2025,14.4 kWh,https://ev.com/vehicle/dt1plh,2025FordEscapePHEV,"$35,090"
Ford,37 mi,N/A,4 mi,163 HP,Up to 5,SPACE SILV MET,EBONY HEAT,N/A,N/A,1FMCU0E12SUA81996,2025,14.4 kWh,https://ev.com/vehicle/0s0lp2,2025FordEscapePHEV,"$35,090"
Ford,37 mi,N/A,26 mi,163 HP,Up to 5,CARBONIZED GRY,EBONY HEAT,N/A,N/A,1FMCU0E18SUA76978,2025,14.4 kWh,https://ev.com/vehicle/qbh9kx,2025FordEscapePHEV,"$34,090"
Ford,37 mi,N/A,50 mi,163 HP,Up to 5,Agate Black,Ebony,N/A,N/A,1FMCU0E13SUA01847,2025,14.4 kWh,https://ev.com/vehicle/5ssv30,2025FordEscapePHEV,"$35,090"
Ford,37 mi,N/A,4 mi,163 HP,Up to 5,Blue,Gray,N/A,N/A,1FMCU0E11SUA06464,2025,14.4 kWh,https://ev.com/vehicle/bmxre3,2025FordEscapePHEV,"$29,370"
Ford,37 mi,N/A,2 mi,163 HP,Up to 5,Black,Ebony,N/A,N/A,1FMCU0E12SUA05551,2025,14.4 kWh,https://ev.com/vehicle/05d7cq,2025FordEscapePHEV,"$29,370"
Ford,37 mi,N/A,2 mi,163 HP,Up to 5,Blue,Ebony,N/A,N/A,1FMCU0E16SUA14320,2025,14.4 kWh,https://ev.com/vehicle/j7w9ui,2025FordEscapePHEV,"$29,370"
Ford,37 mi,N/A,61 mi,163 HP,Up to 5,Blue,Ebony,N/A,N/A,1FMCU0E19SUA19124,2025,14.4 kWh,https://ev.com/vehicle/b3vjmh,2025FordEscapePHEV,"$29,464"
Ford,37 mi,N/A,2 mi,163 HP,Up to 5,Silver,Gray,N/A,N/A,1FMCU0E18SUA26839,2025,14.4 kWh,https://ev.com/vehicle/ze9u72,2025FordEscapePHEV,"$29,464"
Ford,37 mi,N/A,2 mi,163 HP,Up to 5,Gray,Ebony,N/A,N/A,1FMCU0E1XSUA36935,2025,14.4 kWh,https://ev.com/vehicle/5r3f9o,2025FordEscapePHEV,"$29,464"
Ford,37 mi,N/A,59 mi,163 HP,Up to 5,Silver,Ebony,N/A,N/A,1FMCU0E10SUA69488,2025,14.4 kWh,https://ev.com/vehicle/9zbxzz,2025FordEscapePHEV,"$28,564"
Ford,37 mi,N/A,8 mi,163 HP,Up to 5,White,Ebony,N/A,N/A,1FMCU0E11RUB24718,2024,14.4 kWh,https://ev.com/vehicle/3ok314,2024FordEscapePHEV,"$34,009"
Ford,37 mi,N/A,8 mi,163 HP,Up to 5,Blue,Ebony,N/A,N/A,1FMCU0E12SUA29610,2025,14.4 kWh,https://ev.com/vehicle/4eozwp,2025FordEscapePHEV,"$28,564"
Ford,37 mi,N/A,6 mi,163 HP,Up to 5,White,Ebony,N/A,N/A,1FMCU0E12SUA20955,2025,14.4 kWh,https://ev.com/vehicle/oqqhkj,2025FordEscapePHEV,"$30,667"
Ford,37 mi,N/A,13 mi,163 HP,Up to 5,White,Ebony,N/A,N/A,1FMCU0E13SUA45508,2025,14.4 kWh,https://ev.com/vehicle/qcqa8a,2025FordEscapePHEV,"$30,767"
Ford,37 mi,N/A,9 mi,163 HP,Up to 5,Blue,Ebony,N/A,N/A,1FMCU0E13SUA47257,2025,14.4 kWh,https://ev.com/vehicle/7tiw13,2025FordEscapePHEV,"$28,443"
Ford,37 mi,N/A,8 mi,163 HP,Up to 5,White,Ebony,N/A,N/A,1FMCU0E12SUA67211,2025,14.4 kWh,https://ev.com/vehicle/osjbjt,2025FordEscapePHEV,"$31,211"
Ford,37 mi,N/A,25 mi,163 HP,Up to 5,Gray,Ebony,N/A,N/A,1FMCU0E18SUA77547,2025,14.4 kWh,https://ev.com/vehicle/hdnuwu,2025FordEscapePHEV,"$28,923"
Ford,37 mi,N/A,6 mi,163 HP,Up to 5,Silver,Gray,N/A,N/A,1FMCU0E19SUA07555,2025,14.4 kWh,https://ev.com/vehicle/0ceqr0,2025FordEscapePHEV,"$32,090"
Ford,37 mi,N/A,6 mi,163 HP,Up to 5,White,Ebony,N/A,N/A,1FMCU0E15SUA08993,2025,14.4 kWh,https://ev.com/vehicle/i70xcy,2025FordEscapePHEV,"$33,580"
Hyundai,318 mi,20 minutes,5 mi,225 HP,Up to 5,White,Gray,NACS (J3400) DC fast charge connector,120 month/100000 miles,7YAKN4DA2SY006013,2025,84 kWh,https://ev.com/vehicle/38y2dj,2025HyundaiIONIQ 5SEL,"$26,445"
Hyundai,318 mi,20 minutes,5 mi,225 HP,Up to 5,Black,Vke,NACS (J3400) DC fast charge connector,120 month/100000 miles,7YAKR4DA0SY010033,2025,84 kWh,https://ev.com/vehicle/jlacwx,2025HyundaiIONIQ 5Limited,"$30,335"
Hyundai,318 mi,20 minutes,5 mi,225 HP,Up to 5,White,Ygn,NACS (J3400) DC fast charge connector,120 month/100000 miles,7YAKR4DA8SY014766,2025,84 kWh,https://ev.com/vehicle/n7vteo,2025HyundaiIONIQ 5Limited,"$31,465"
Hyundai,318 mi,20 minutes,5 mi,225 HP,Up to 5,Green,Dark Green,NACS (J3400) DC fast charge connector,120 month/100000 miles,7YAKR4DA9SY005011,2025,84 kWh,https://ev.com/vehicle/ppfrhf,2025HyundaiIONIQ 5Limited,"$30,145"
Hyundai,318 mi,20 minutes,10 mi,225 HP,Up to 5,Blue,Ygn,NACS (J3400) DC fast charge connector,120 month/100000 miles,7YAKN4DAXSY014411,2025,84 kWh,https://ev.com/vehicle/8vb8f8,2025HyundaiIONIQ 5SEL,"$23,245"
Hyundai,318 mi,20 minutes,10 mi,225 HP,Up to 5,Green,Blk H-Tex Lthette,NACS (J3400) DC fast charge connector,120 month/100000 miles,7YAKN4DA6SY010470,2025,84 kWh,https://ev.com/vehicle/lr8q34,2025HyundaiIONIQ 5SEL,"$24,735"
Hyundai,318 mi,20 minutes,10 mi,225 HP,Up to 5,Blue,Blk H-Tex Lthette,NACS (J3400) DC fast charge connector,120 month/100000 miles,7YAKM4DA6SY015381,2025,84 kWh,https://ev.com/vehicle/bf12et,2025HyundaiIONIQ 5SE,"$21,855"
Hyundai,318 mi,20 minutes,10 mi,225 HP,Up to 5,Black,Blk H-Tex Lthette,NACS (J3400) DC fast charge connector,120 month/100000 miles,7YAKN4DA1SY010263,2025,84 kWh,https://ev.com/vehicle/pq1bqy,2025HyundaiIONIQ 5SEL,"$24,880"
Hyundai,318 mi,20 minutes,10 mi,225 HP,Up to 5,Black,Blk H-Tex Lthette,NACS (J3400) DC fast charge connector,120 month/100000 miles,7YAKR4DA8SY001418,2025,84 kWh,https://ev.com/vehicle/rs7vc3,2025HyundaiIONIQ 5Limited,"$28,210"
Hyundai,318 mi,20 minutes,10 mi,225 HP,Up to 5,Gray,Blk H-Tex Lthette,NACS (J3400) DC fast charge connector,120 month/100000 miles,7YAKR4DA9SY007924,2025,84 kWh,https://ev.com/vehicle/v46je7,2025HyundaiIONIQ 5Limited,"$28,440"
Hyundai,318 mi,20 minutes,N/A,225 HP,Up to 5,Digital Teal,Black,NACS (J3400) DC fast charge connector,120 month/100000 miles,7YAKN4DA7SY015113,2025,84 kWh,https://ev.com/vehicle/d0mye3,2025HyundaiIONIQ 5SEL,"$33,140"
Hyundai,318 mi,20 minutes,N/A,225 HP,Up to 5,Lucid Blue,Black,NACS (J3400) DC fast charge connector,120 month/100000 miles,7YAKN4DA7SY014348,2025,84 kWh,https://ev.com/vehicle/25ppzj,2025HyundaiIONIQ 5SEL,"$33,140"
Hyundai,318 mi,20 minutes,10 mi,225 HP,Up to 5,Atlas White,Black,NACS (J3400) DC fast charge connector,120 month/100000 miles,7YAKR4DA5SY000971,2025,84 kWh,https://ev.com/vehicle/lfu8t0,2025HyundaiIONIQ 5Limited,"$37,770"
Hyundai,318 mi,20 minutes,10 mi,225 HP,Up to 5,Ecotronic Gray Matte,Black,NACS (J3400) DC fast charge connector,120 month/100000 miles,7YAKN4DA7SY014740,2025,84 kWh,https://ev.com/vehicle/a9d5bs,2025HyundaiIONIQ 5SEL,"$34,070"
Hyundai,342 mi,18 minutes,10 mi,225 HP,Up to 5,Red,Blk Stain-Resistant Clth,SAE CCS DC fast charge connector,120 month/100000 miles,KMHM24AA7SA103371,2025,77.4 kWh,https://ev.com/vehicle/tvyscq,2025HyundaiIONIQ 6SE,"$26,110"
Hyundai,291 mi,18 minutes,10 mi,225 HP,Up to 5,White,Gray,SAE CCS DC fast charge connector,120 month/100000 miles,KMHM54AA0SA103560,2025,77.4 kWh,https://ev.com/vehicle/od1lbs,2025HyundaiIONIQ 6Limited,"$34,395"
Hyundai,261 mi,43 minutes,N/A,201 HP,Up to 5,Ecotronic Gray Pearl,Black,SAE CCS DC fast charge connector,120 month/100000 miles,KM8HC3A68SU030868,2025,64.8 kWh,https://ev.com/vehicle/tn3zit,2025HyundaiKona ElectricSEL,"$28,355"
Hyundai,318 mi,20 minutes,5 mi,225 HP,Up to 5,Green,Dark Green,NACS (J3400) DC fast charge connector,120 month/100000 miles,7YAKR4DA5SY019231,2025,84 kWh,https://ev.com/vehicle/zzkn22,2025HyundaiIONIQ 5Limited,"$30,465"
Hyundai,318 mi,20 minutes,5 mi,225 HP,Up to 5,Black,Ygn,NACS (J3400) DC fast charge connector,120 month/100000 miles,7YAKR4DA7SY015181,2025,84 kWh,https://ev.com/vehicle/brqqgz,2025HyundaiIONIQ 5Limited,"$30,420"
Hyundai,318 mi,20 minutes,10 mi,225 HP,Up to 5,Black,Blk H-Tex Lthette,NACS (J3400) DC fast charge connector,120 month/100000 miles,7YAKM4DAXSY015352,2025,84 kWh,https://ev.com/vehicle/fdqm0f,2025HyundaiIONIQ 5SE,"$20,360"
Hyundai,318 mi,20 minutes,10 mi,225 HP,Up to 5,Blue,Blk H-Tex Lthette,NACS (J3400) DC fast charge connector,120 month/100000 miles,7YAKR4DAXSY014011,2025,84 kWh,https://ev.com/vehicle/enbwcp,2025HyundaiIONIQ 5Limited,"$27,940"
Hyundai,318 mi,20 minutes,10 mi,225 HP,Up to 5,Blue,Blk H-Tex Lthette,NACS (J3400) DC fast charge connector,120 month/100000 miles,7YAKR4DA2SY014875,2025,84 kWh,https://ev.com/vehicle/kqjk95,2025HyundaiIONIQ 5Limited,"$27,945"
Hyundai,318 mi,20 minutes,10 mi,225 HP,Up to 5,Gray,Blk H-Tex Lthette,NACS (J3400) DC fast charge connector,120 month/100000 miles,7YAKN4DAXSY009788,2025,84 kWh,https://ev.com/vehicle/j99tct,2025HyundaiIONIQ 5SEL,"$23,670"
Hyundai,318 mi,20 minutes,10 mi,225 HP,Up to 5,Gray,Blk H-Tex Lthette,NACS (J3400) DC fast charge connector,120 month/100000 miles,7YAKR4DA5SY014305,2025,84 kWh,https://ev.com/vehicle/jq4ytn,2025HyundaiIONIQ 5Limited,"$30,275"
Hyundai,318 mi,20 minutes,10 mi,225 HP,Up to 5,Green,Blk H-Tex Lthette,NACS (J3400) DC fast charge connector,120 month/100000 miles,7YAKN4DA1SY017309,2025,84 kWh,https://ev.com/vehicle/uhlhik,2025HyundaiIONIQ 5SEL,"$24,810"
Hyundai,318 mi,20 minutes,10 mi,225 HP,Up to 5,Black,Blk H-Tex Lthette,NACS (J3400) DC fast charge connector,120 month/100000 miles,7YAKN4DA1SY001207,2025,84 kWh,https://ev.com/vehicle/7h3h09,2025HyundaiIONIQ 5SEL,"$23,470"
Hyundai,318 mi,20 minutes,10 mi,225 HP,Up to 5,Black,Black,NACS (J3400) DC fast charge connector,120 month/100000 miles,7YAKN4DA4SY014033,2025,84 kWh,https://ev.com/vehicle/fwcet5,2025HyundaiIONIQ 5SEL,"$24,885"
Hyundai,318 mi,20 minutes,10 mi,225 HP,Up to 5,Gray,Ygn,NACS (J3400) DC fast charge connector,120 month/100000 miles,7YAKR4DA1SY005942,2025,84 kWh,https://ev.com/vehicle/57dlke,2025HyundaiIONIQ 5Limited,"$30,180"
Hyundai,318 mi,20 minutes,N/A,225 HP,Up to 5,Digital Teal,Black,NACS (J3400) DC fast charge connector,120 month/100000 miles,7YAKN4DA8SY010695,2025,84 kWh,https://ev.com/vehicle/j31xwt,2025HyundaiIONIQ 5SEL,"$33,090"
Hyundai,318 mi,20 minutes,N/A,225 HP,Up to 5,Atlas White,Gray,NACS (J3400) DC fast charge connector,120 month/100000 miles,7YAKR4DA5SY014806,2025,84 kWh,https://ev.com/vehicle/uss1p1,2025HyundaiIONIQ 5Limited,"$37,835"
Hyundai,318 mi,20 minutes,10 mi,225 HP,Up to 5,Atlas White,Gray,NACS (J3400) DC fast charge connector,120 month/100000 miles,7YAKM4DA6SY019978,2025,84 kWh,https://ev.com/vehicle/6ojvxo,2025HyundaiIONIQ 5SE,"$30,200"
Hyundai,318 mi,20 minutes,10 mi,225 HP,Up to 5,Atlas White,Dark Green,NACS (J3400) DC fast charge connector,120 month/100000 miles,7YAKR4DA9SY002027,2025,84 kWh,https://ev.com/vehicle/y3vx3m,2025HyundaiIONIQ 5Limited,"$44,210"
Hyundai,318 mi,20 minutes,12 mi,225 HP,Up to 5,Lucid Blue,Gray,NACS (J3400) DC fast charge connector,120 month/100000 miles,7YAKM4DAXSY020518,2025,84 kWh,https://ev.com/vehicle/8i7sy5,2025HyundaiIONIQ 5SE,"$35,315"
Hyundai,318 mi,20 minutes,12 mi,225 HP,Up to 5,Abyss Black,Black,NACS (J3400) DC fast charge connector,120 month/100000 miles,7YAKN4DA9SY020362,2025,84 kWh,https://ev.com/vehicle/dnubl8,2025HyundaiIONIQ 5SEL,"$38,190"
Hyundai,342 mi,18 minutes,10 mi,225 HP,Up to 5,White,Black,SAE CCS DC fast charge connector,120 month/100000 miles,KMHM24AA8SA103685,2025,77.4 kWh,https://ev.com/vehicle/pdfykx,2025HyundaiIONIQ 6SE,"$26,175"
Hyundai,342 mi,18 minutes,10 mi,225 HP,Up to 5,White,Black,SAE CCS DC fast charge connector,120 month/100000 miles,KMHM24AA8SA103704,2025,77.4 kWh,https://ev.com/vehicle/89rit1,2025HyundaiIONIQ 6SE,"$26,170"
Hyundai,291 mi,18 minutes,10 mi,225 HP,Up to 5,Red,Black,SAE CCS DC fast charge connector,120 month/100000 miles,KMHM54AA1SA098899,2025,77.4 kWh,https://ev.com/vehicle/r790t9,2025HyundaiIONIQ 6Limited,"$34,395"
Hyundai,342 mi,18 minutes,"1,307 mi",225 HP,Up to 5,Serenity White,Black,SAE CCS DC fast charge connector,120 month/100000 miles,KMHM24AA4SA095908,2025,77.4 kWh,https://ev.com/vehicle/x5aj6a,2025HyundaiIONIQ 6SE,"$34,295"
Hyundai,261 mi,43 minutes,N/A,201 HP,Up to 5,Atlas White,Black,SAE CCS DC fast charge connector,120 month/100000 miles,KM8HC3A60SU030606,2025,64.8 kWh,https://ev.com/vehicle/wfzps7,2025HyundaiKona ElectricSEL,"$28,355"
Hyundai,261 mi,43 minutes,13 mi,201 HP,Up to 5,Ecotronic Gray Pearl,Black,SAE CCS DC fast charge connector,120 month/100000 miles,KM8HC3A62SU027495,2025,64.8 kWh,https://ev.com/vehicle/lecksn,2025HyundaiKona ElectricSEL,"$27,070"
Hyundai,260 mi,18 minutes,876 mi,320 HP,Up to 5,Gold,Mud Gray/Terra Brown,SAE CCS DC fast charge connector,120 month/100000 miles,KM8KRDDF0RU274434,2024,77.4 kWh,https://ev.com/vehicle/7nwqmn,2024HyundaiIONIQ 5Disney100 Platinum Edition,"$40,555"
Hyundai,318 mi,20 minutes,5 mi,225 HP,Up to 5,Gray,Blk H-Tex Lthette,NACS (J3400) DC fast charge connector,120 month/100000 miles,7YAKN4DA0SY012845,2025,84 kWh,https://ev.com/vehicle/dsorm7,2025HyundaiIONIQ 5SEL,"$27,875"
Hyundai,318 mi,20 minutes,5 mi,225 HP,Up to 5,Blue,Black,NACS (J3400) DC fast charge connector,120 month/100000 miles,7YAKN4DA7SY005620,2025,84 kWh,https://ev.com/vehicle/s1etcd,2025HyundaiIONIQ 5SEL,"$27,010"
Hyundai,318 mi,20 minutes,5 mi,225 HP,Up to 5,Gray,Black,NACS (J3400) DC fast charge connector,120 month/100000 miles,7YAKN4DA1SY007721,2025,84 kWh,https://ev.com/vehicle/46kwch,2025HyundaiIONIQ 5SEL,"$25,945"
Hyundai,318 mi,20 minutes,10 mi,225 HP,Up to 5,Blue,Ygn,NACS (J3400) DC fast charge connector,120 month/100000 miles,7YAKM4DA2SY015121,2025,84 kWh,https://ev.com/vehicle/86mhd9,2025HyundaiIONIQ 5SE,"$20,290"
Hyundai,318 mi,20 minutes,10 mi,225 HP,Up to 5,Black,Blk H-Tex Lthette,NACS (J3400) DC fast charge connector,120 month/100000 miles,7YAKM4DA7SY015051,2025,84 kWh,https://ev.com/vehicle/ptfk65,2025HyundaiIONIQ 5SE,"$20,360"
Hyundai,245 mi,20 minutes,10 mi,168 HP,Up to 5,Green,Blk H-Tex Lthette,NACS (J3400) DC fast charge connector,120 month/100000 miles,7YAKM4DB5SY002193,2025,63 kWh,https://ev.com/vehicle/27cv11,2025HyundaiIONIQ 5SE Standard Range,"$17,680"
Hyundai,318 mi,20 minutes,10 mi,225 HP,Up to 5,White,Blk H-Tex Lthette,NACS (J3400) DC fast charge connector,120 month/100000 miles,7YAKN4DA1SY009937,2025,84 kWh,https://ev.com/vehicle/m0jgoa,2025HyundaiIONIQ 5SEL,"$23,170"
Hyundai,318 mi,20 minutes,10 mi,225 HP,Up to 5,White,Black,NACS (J3400) DC fast charge connector,120 month/100000 miles,7YAKN4DA3SY001810,2025,84 kWh,https://ev.com/vehicle/n1pox8,2025HyundaiIONIQ 5SEL,"$23,045"
Hyundai,318 mi,20 minutes,10 mi,225 HP,Up to 5,Gray,Blk H-Tex Lthette,NACS (J3400) DC fast charge connector,120 month/100000 miles,7YAKN4DA6SY014969,2025,84 kWh,https://ev.com/vehicle/yhv7zi,2025HyundaiIONIQ 5SEL,"$24,470"
Hyundai,318 mi,20 minutes,10 mi,225 HP,Up to 5,Blue,Ygn,NACS (J3400) DC fast charge connector,120 month/100000 miles,7YAKN4DA5SY014719,2025,84 kWh,https://ev.com/vehicle/st2k7k,2025HyundaiIONIQ 5SEL,"$24,735"
Hyundai,318 mi,20 minutes,10 mi,225 HP,Up to 5,White,Black,NACS (J3400) DC fast charge connector,120 month/100000 miles,7YAKM4DA1SY015496,2025,84 kWh,https://ev.com/vehicle/on26cx,2025HyundaiIONIQ 5SE,"$31,675"
Hyundai,318 mi,20 minutes,10 mi,225 HP,Up to 5,White,Ygn,NACS (J3400) DC fast charge connector,120 month/100000 miles,7YAKM4DA3SY015046,2025,84 kWh,https://ev.com/vehicle/ns76h8,2025HyundaiIONIQ 5SE,"$21,925"
Hyundai,318 mi,20 minutes,10 mi,225 HP,Up to 5,Black,Gray,NACS (J3400) DC fast charge connector,120 month/100000 miles,7YAKM4DA6SY015509,2025,84 kWh,https://ev.com/vehicle/td5vur,2025HyundaiIONIQ 5SE,"$20,290"
Hyundai,318 mi,20 minutes,10 mi,225 HP,Up to 5,Black,Blk H-Tex Lthette,NACS (J3400) DC fast charge connector,120 month/100000 miles,7YAKR4DA8SY001452,2025,84 kWh,https://ev.com/vehicle/8vgyzb,2025HyundaiIONIQ 5Limited,"$29,685"
Hyundai,318 mi,20 minutes,10 mi,225 HP,Up to 5,Black,Blk H-Tex Lthette,NACS (J3400) DC fast charge connector,120 month/100000 miles,7YAKR4DA9SY010242,2025,84 kWh,https://ev.com/vehicle/ttb8j7,2025HyundaiIONIQ 5Limited,"$27,945"
Hyundai,318 mi,20 minutes,10 mi,225 HP,Up to 5,White,Black,NACS (J3400) DC fast charge connector,120 month/100000 miles,7YAKN4DA2SY017769,2025,84 kWh,https://ev.com/vehicle/ijurkf,2025HyundaiIONIQ 5SEL,"$33,315"
Hyundai,318 mi,20 minutes,N/A,225 HP,Up to 5,Digital Teal,Black,NACS (J3400) DC fast charge connector,120 month/100000 miles,7YAKR4DA6SY002406,2025,84 kWh,https://ev.com/vehicle/90y7om,2025HyundaiIONIQ 5Limited,"$37,645"
Hyundai,318 mi,20 minutes,10 mi,225 HP,Up to 5,Atlas White,Black,NACS (J3400) DC fast charge connector,120 month/100000 miles,7YAKN4DA5SY016194,2025,84 kWh,https://ev.com/vehicle/k4bacq,2025HyundaiIONIQ 5SEL,"$34,755"
Hyundai,318 mi,20 minutes,10 mi,225 HP,Up to 5,Atlas White,Gray,NACS (J3400) DC fast charge connector,120 month/100000 miles,7YAKM4DA7SY015129,2025,84 kWh,https://ev.com/vehicle/k65yxz,2025HyundaiIONIQ 5SE,"$31,685"
Hyundai,318 mi,20 minutes,10 mi,225 HP,Up to 5,Abyss Black,Black,NACS (J3400) DC fast charge connector,120 month/100000 miles,7YAKN4DA0SY015342,2025,84 kWh,https://ev.com/vehicle/a3il71,2025HyundaiIONIQ 5SEL,"$34,780"
Hyundai,318 mi,20 minutes,10 mi,225 HP,Up to 5,Ecotronic Gray Matte,Gray,NACS (J3400) DC fast charge connector,120 month/100000 miles,7YAKN4DA5SY006300,2025,84 kWh,https://ev.com/vehicle/u87scc,2025HyundaiIONIQ 5SEL,"$33,945"
Hyundai,318 mi,20 minutes,10 mi,225 HP,Up to 5,Abyss Black,Black,NACS (J3400) DC fast charge connector,120 month/100000 miles,7YAKN4DA9SY013752,2025,84 kWh,https://ev.com/vehicle/9x3wus,2025HyundaiIONIQ 5SEL,"$34,780"
Hyundai,318 mi,20 minutes,10 mi,225 HP,Up to 5,Digital Teal,Black,NACS (J3400) DC fast charge connector,120 month/100000 miles,7YAKR4DA2SY015914,2025,84 kWh,https://ev.com/vehicle/9dapiz,2025HyundaiIONIQ 5Limited,"$37,840"
Hyundai,318 mi,20 minutes,8 mi,225 HP,Up to 5,Digital Teal,Black,NACS (J3400) DC fast charge connector,120 month/100000 miles,7YAKN4DA9SY010642,2025,84 kWh,https://ev.com/vehicle/cdn816,2025HyundaiIONIQ 5SEL,"$25,590"
Hyundai,318 mi,20 minutes,1 mi,225 HP,Up to 5,Digital Teal,Dark Green,NACS (J3400) DC fast charge connector,120 month/100000 miles,7YAKR4DA9SY006210,2025,84 kWh,https://ev.com/vehicle/x8b1a1,2025HyundaiIONIQ 5Limited,"$30,165"
Hyundai,221 mi,18 minutes,5 mi,601 HP,Up to 5,Black,Black,SAE CCS DC fast charge connector,120 month/100000 miles,KM8KNDA85SU008141,2025,84 kWh,https://ev.com/vehicle/mh0sih,2025HyundaiIONIQ 5 N,"$47,860"
Hyundai,221 mi,18 minutes,"3,628 mi",601 HP,Up to 5,Blue,Black,SAE CCS DC fast charge connector,120 month/100000 miles,KM8KNDA82SU006587,2025,84 kWh,https://ev.com/vehicle/8qrtca,2025HyundaiIONIQ 5 N,"$44,003"
Hyundai,291 mi,18 minutes,5 mi,225 HP,Up to 5,Red,Black,SAE CCS DC fast charge connector,120 month/100000 miles,KMHM34AA9SA099434,2025,77.4 kWh,https://ev.com/vehicle/2nl66s,2025HyundaiIONIQ 6SEL,"$31,695"
Hyundai,291 mi,18 minutes,10 mi,225 HP,Up to 5,Blue,Gray,SAE CCS DC fast charge connector,120 month/100000 miles,KMHM54AA7SA099717,2025,77.4 kWh,https://ev.com/vehicle/z62zvg,2025HyundaiIONIQ 6Limited,"$33,575"
Hyundai,291 mi,18 minutes,10 mi,225 HP,Up to 5,Blue,Black,SAE CCS DC fast charge connector,120 month/100000 miles,KMHM34AA8SA098906,2025,77.4 kWh,https://ev.com/vehicle/e182ts,2025HyundaiIONIQ 6SEL,"$28,325"
Hyundai,291 mi,18 minutes,10 mi,225 HP,Up to 5,Black,Black,SAE CCS DC fast charge connector,120 month/100000 miles,KMHM34AA0SA098995,2025,77.4 kWh,https://ev.com/vehicle/hp00k8,2025HyundaiIONIQ 6SEL,"$28,295"
Hyundai,291 mi,18 minutes,10 mi,225 HP,Up to 5,White,Black,SAE CCS DC fast charge connector,120 month/100000 miles,KMHM34AA1SA098391,2025,77.4 kWh,https://ev.com/vehicle/i2qttj,2025HyundaiIONIQ 6SEL,"$28,810"
Hyundai,291 mi,18 minutes,10 mi,225 HP,Up to 5,Black,Black,SAE CCS DC fast charge connector,120 month/100000 miles,KMHM34AA9SA098882,2025,77.4 kWh,https://ev.com/vehicle/brsia3,2025HyundaiIONIQ 6SEL,"$28,310"
Hyundai,291 mi,18 minutes,10 mi,225 HP,Up to 5,Red,Black,SAE CCS DC fast charge connector,120 month/100000 miles,KMHM54AA7SA098891,2025,77.4 kWh,https://ev.com/vehicle/6qmvd5,2025HyundaiIONIQ 6Limited,"$34,285"
Hyundai,291 mi,18 minutes,10 mi,225 HP,Up to 5,Black,Gray,SAE CCS DC fast charge connector,120 month/100000 miles,KMHM34AA7SA098282,2025,77.4 kWh,https://ev.com/vehicle/kdcuqy,2025HyundaiIONIQ 6SEL,"$28,310"
Hyundai,342 mi,18 minutes,10 mi,225 HP,Up to 5,Red,Black,SAE CCS DC fast charge connector,120 month/100000 miles,KMHM24AA0SA103373,2025,77.4 kWh,https://ev.com/vehicle/0pmuzd,2025HyundaiIONIQ 6SE,"$26,095"
Hyundai,342 mi,18 minutes,10 mi,225 HP,Up to 5,Red,Black,SAE CCS DC fast charge connector,120 month/100000 miles,KMHM24AA5SA103370,2025,77.4 kWh,https://ev.com/vehicle/9d390i,2025HyundaiIONIQ 6SE,"$26,095"
Hyundai,291 mi,18 minutes,10 mi,225 HP,Up to 5,Blue,Gray,SAE CCS DC fast charge connector,120 month/100000 miles,KMHM34AA5SA103527,2025,77.4 kWh,https://ev.com/vehicle/ocv30z,2025HyundaiIONIQ 6SEL,"$28,435"
Hyundai,270 mi,18 minutes,10 mi,320 HP,Up to 5,Transmission Blue,Black,SAE CCS DC fast charge connector,120 month/100000 miles,KMHM34AC1SA085562,2025,77.4 kWh,https://ev.com/vehicle/vwwedg,2025HyundaiIONIQ 6SEL,"$41,617"
Hyundai,291 mi,18 minutes,15 mi,225 HP,Up to 5,White,Black,SAE CCS DC fast charge connector,120 month/100000 miles,KMHM34AA0SA099256,2025,77.4 kWh,https://ev.com/vehicle/o5gksx,2025HyundaiIONIQ 6SEL,"$38,475"
Hyundai,261 mi,43 minutes,N/A,201 HP,Up to 5,Cyber Gray Metallic,Black,SAE CCS DC fast charge connector,120 month/100000 miles,KM8HE3A67SU028605,2025,64.8 kWh,https://ev.com/vehicle/l2cg1q,2025HyundaiKona ElectricLimited,"$33,065"
Hyundai,261 mi,43 minutes,14 mi,201 HP,Up to 5,Mirage Green,Black,SAE CCS DC fast charge connector,120 month/100000 miles,KM8HC3A69SU026716,2025,64.8 kWh,https://ev.com/vehicle/0jaob8,2025HyundaiKona ElectricSEL,"$28,530"
Hyundai,261 mi,43 minutes,14 mi,201 HP,Up to 5,Ecotronic Gray Pearl,Black,SAE CCS DC fast charge connector,120 month/100000 miles,KM8HC3A67SU027489,2025,64.8 kWh,https://ev.com/vehicle/t2lyu7,2025HyundaiKona ElectricSEL,"$26,790"
Hyundai,33 mi,N/A,680 mi,180 HP,Up to 5,Silver,Black,N/A,120 month/100000 miles,KM8JFDD20RU249440,2024,13.8 kWh,https://ev.com/vehicle/fwiq0a,2024HyundaiTucson Plug-In HybridLimited,"$37,980"
Hyundai,33 mi,N/A,928 mi,180 HP,Up to 5,Gray,Gray,N/A,120 month/100000 miles,KM8JFDD27RU248639,2024,13.8 kWh,https://ev.com/vehicle/hqpbar,2024HyundaiTucson Plug-In HybridLimited,"$38,460"
Hyundai,33 mi,N/A,5 mi,178 HP,Up to 5,White,Black,N/A,120 month/100000 miles,KM8JFDD24SU348140,2025,13.8 kWh,https://ev.com/vehicle/99597h,2025HyundaiTucson Plug-In HybridLimited,"$45,165"
Hyundai,33 mi,N/A,5 mi,178 HP,Up to 5,Silver,Gray,N/A,120 month/100000 miles,KM8JFDD24SU348526,2025,13.8 kWh,https://ev.com/vehicle/wxzgws,2025HyundaiTucson Plug-In HybridLimited,"$44,874"
Hyundai,33 mi,N/A,10 mi,178 HP,Up to 5,Gray,Black,N/A,120 month/100000 miles,KM8JFDD29SU348246,2025,13.8 kWh,https://ev.com/vehicle/rrjuwu,2025HyundaiTucson Plug-In HybridLimited,"$43,750"
Hyundai,259 mi,20 minutes,9 mi,320 HP,Up to 5,White,Black,NACS (J3400) DC fast charge connector,120 month/100000 miles,7YAKPDDC3SY013306,2025,84 kWh,https://ev.com/vehicle/sumavc,2025HyundaiIONIQ 5XRT,"$31,470"
Hyundai,318 mi,20 minutes,5 mi,225 HP,Up to 5,Green,Blk H-Tex Lthette,NACS (J3400) DC fast charge connector,120 month/100000 miles,7YAKN4DA0SY012764,2025,84 kWh,https://ev.com/vehicle/wn9h4i,2025HyundaiIONIQ 5SEL,"$25,750"
Hyundai,318 mi,20 minutes,5 mi,225 HP,Up to 5,Green,Blk H-Tex Lthette,NACS (J3400) DC fast charge connector,120 month/100000 miles,7YAKR4DA6SY015317,2025,84 kWh,https://ev.com/vehicle/s66rvi,2025HyundaiIONIQ 5Limited,"$30,345"
Hyundai,318 mi,20 minutes,5 mi,225 HP,Up to 5,Black,Ygn,NACS (J3400) DC fast charge connector,120 month/100000 miles,7YAKM4DAXSY014931,2025,84 kWh,https://ev.com/vehicle/fm0xub,2025HyundaiIONIQ 5SE,"$22,800"
Hyundai,318 mi,20 minutes,10 mi,225 HP,Up to 5,White,Blk H-Tex Lthette,NACS (J3400) DC fast charge connector,120 month/100000 miles,7YAKN4DA0SY014448,2025,84 kWh,https://ev.com/vehicle/gj2hj3,2025HyundaiIONIQ 5SEL,"$23,170"
Hyundai,318 mi,20 minutes,10 mi,225 HP,Up to 5,Gray,Blk H-Tex Lthette,NACS (J3400) DC fast charge connector,120 month/100000 miles,7YAKN4DA4SY014291,2025,84 kWh,https://ev.com/vehicle/5ei4pi,2025HyundaiIONIQ 5SEL,"$25,535"
Hyundai,318 mi,20 minutes,10 mi,225 HP,Up to 5,Green,Blk H-Tex Lthette,NACS (J3400) DC fast charge connector,120 month/100000 miles,7YAKM4DA1SY015451,2025,84 kWh,https://ev.com/vehicle/surk2f,2025HyundaiIONIQ 5SE,"$21,925"
Hyundai,318 mi,20 minutes,10 mi,225 HP,Up to 5,Gray,Ygn,NACS (J3400) DC fast charge connector,120 month/100000 miles,7YAKM4DA3SY015399,2025,84 kWh,https://ev.com/vehicle/xx8p8l,2025HyundaiIONIQ 5SE,"$22,425"
Hyundai,318 mi,20 minutes,10 mi,225 HP,Up to 5,Gray,Ygn,NACS (J3400) DC fast charge connector,120 month/100000 miles,7YAKM4DA8SY015401,2025,84 kWh,https://ev.com/vehicle/uh1hl2,2025HyundaiIONIQ 5SE,"$22,425"
Hyundai,318 mi,20 minutes,10 mi,225 HP,Up to 5,Blue,Blk H-Tex Lthette,NACS (J3400) DC fast charge connector,120 month/100000 miles,7YAKM4DAXSY015383,2025,84 kWh,https://ev.com/vehicle/u7pqcy,2025HyundaiIONIQ 5SE,"$21,855"
Hyundai,318 mi,20 minutes,10 mi,225 HP,Up to 5,White,Black,NACS (J3400) DC fast charge connector,120 month/100000 miles,7YAKR4DA8SY005419,2025,84 kWh,https://ev.com/vehicle/afc54e,2025HyundaiIONIQ 5Limited,"$29,505"
Hyundai,318 mi,20 minutes,10 mi,225 HP,Up to 5,Black,Blk H-Tex Lthette,NACS (J3400) DC fast charge connector,120 month/100000 miles,7YAKM4DA8SY010554,2025,84 kWh,https://ev.com/vehicle/ow0iw3,2025HyundaiIONIQ 5SE,"$21,805"
Hyundai,318 mi,20 minutes,10 mi,225 HP,Up to 5,White,Ygn,NACS (J3400) DC fast charge connector,120 month/100000 miles,7YAKM4DA0SY016400,2025,84 kWh,https://ev.com/vehicle/jj2eki,2025HyundaiIONIQ 5SE,"$21,905"
Hyundai,318 mi,20 minutes,10 mi,225 HP,Up to 5,Green,Ygn,NACS (J3400) DC fast charge connector,120 month/100000 miles,7YAKM4DA3SY015810,2025,84 kWh,https://ev.com/vehicle/a4zbwk,2025HyundaiIONIQ 5SE,"$21,785"
Hyundai,318 mi,20 minutes,10 mi,225 HP,Up to 5,Gray,Ygn,NACS (J3400) DC fast charge connector,120 month/100000 miles,7YAKM4DA6SY016515,2025,84 kWh,https://ev.com/vehicle/excfdv,2025HyundaiIONIQ 5SE,"$22,405"
Hyundai,318 mi,20 minutes,25 mi,225 HP,Up to 5,Green,Vke,NACS (J3400) DC fast charge connector,120 month/100000 miles,7YAKR4DA1SY015919,2025,84 kWh,https://ev.com/vehicle/zl03qt,2025HyundaiIONIQ 5Limited,"$30,390"
Hyundai,318 mi,20 minutes,10 mi,225 HP,Up to 5,Black,Blk H-Tex Lthette,NACS (J3400) DC fast charge connector,120 month/100000 miles,7YAKR4DA5SY001392,2025,84 kWh,https://ev.com/vehicle/r5xe60,2025HyundaiIONIQ 5Limited,"$29,775"
Hyundai,318 mi,20 minutes,N/A,225 HP,Up to 5,Abyss Black,Dark Green,NACS (J3400) DC fast charge connector,120 month/100000 miles,7YAKR4DA4SY013856,2025,84 kWh,https://ev.com/vehicle/nabtq8,2025HyundaiIONIQ 5Limited,"$37,835"
Hyundai,318 mi,20 minutes,N/A,225 HP,Up to 5,Cyber Gray,Black,NACS (J3400) DC fast charge connector,120 month/100000 miles,7YAKM4DA9SY005086,2025,84 kWh,https://ev.com/vehicle/1e86st,2025HyundaiIONIQ 5SE,"$30,565"
Hyundai,318 mi,20 minutes,16 mi,225 HP,Up to 5,Green,Dark Green,NACS (J3400) DC fast charge connector,120 month/100000 miles,7YAKR4DA3SY006719,2025,84 kWh,https://ev.com/vehicle/ulej98,2025HyundaiIONIQ 5Limited,"$37,645"
Hyundai,318 mi,20 minutes,7 mi,225 HP,Up to 5,White,Gray,NACS (J3400) DC fast charge connector,120 month/100000 miles,7YAKN4DA2SY015908,2025,84 kWh,https://ev.com/vehicle/lg1seo,2025HyundaiIONIQ 5SEL,"$34,135"
Hyundai,318 mi,20 minutes,9 mi,225 HP,Up to 5,Blue,Black,NACS (J3400) DC fast charge connector,120 month/100000 miles,7YAKN4DA3SY016050,2025,84 kWh,https://ev.com/vehicle/yjy9w9,2025HyundaiIONIQ 5SEL,"$34,755"
Hyundai,318 mi,20 minutes,8 mi,225 HP,Up to 5,Black,Black,NACS (J3400) DC fast charge connector,120 month/100000 miles,7YAKN4DA4SY015554,2025,84 kWh,https://ev.com/vehicle/zg1oxv,2025HyundaiIONIQ 5SEL,"$33,135"
Hyundai,318 mi,20 minutes,7 mi,225 HP,Up to 5,Black,Black,NACS (J3400) DC fast charge connector,120 month/100000 miles,7YAKN4DA5SY014767,2025,84 kWh,https://ev.com/vehicle/g5ckhj,2025HyundaiIONIQ 5SEL,"$33,135"
Hyundai,318 mi,20 minutes,10 mi,225 HP,Up to 5,White,Gray,NACS (J3400) DC fast charge connector,120 month/100000 miles,7YAKN4DA5SY016583,2025,84 kWh,https://ev.com/vehicle/ipo0uu,2025HyundaiIONIQ 5SEL,"$34,315"
Hyundai,318 mi,20 minutes,4 mi,225 HP,Up to 5,Gray,Black,NACS (J3400) DC fast charge connector,120 month/100000 miles,7YAKN4DA5SY016700,2025,84 kWh,https://ev.com/vehicle/3gsqw3,2025HyundaiIONIQ 5SEL,"$35,255"
Hyundai,318 mi,20 minutes,10 mi,225 HP,Up to 5,Gray,Black,NACS (J3400) DC fast charge connector,120 month/100000 miles,7YAKR4DA8SY016307,2025,84 kWh,https://ev.com/vehicle/6ptr5u,2025HyundaiIONIQ 5Limited,"$38,270"
Hyundai,318 mi,20 minutes,1 mi,225 HP,Up to 5,Digital Teal,Black,NACS (J3400) DC fast charge connector,120 month/100000 miles,7YAKN4DA6SY015586,2025,84 kWh,https://ev.com/vehicle/9m0aik,2025HyundaiIONIQ 5SEL,"$25,870"
Hyundai,318 mi,20 minutes,10 mi,225 HP,Up to 5,Digital Teal,Gray,NACS (J3400) DC fast charge connector,120 month/100000 miles,7YAKM4DA0SY015456,2025,84 kWh,https://ev.com/vehicle/7dbidp,2025HyundaiIONIQ 5SE,"$30,120"
Hyundai,318 mi,20 minutes,10 mi,225 HP,Up to 5,Ecotronic Gray Matte,Black,NACS (J3400) DC fast charge connector,120 month/100000 miles,7YAKN4DA5SY007821,2025,84 kWh,https://ev.com/vehicle/k85nsb,2025HyundaiIONIQ 5SEL,"$35,510"
Hyundai,318 mi,20 minutes,10 mi,225 HP,Up to 5,Abyss Black,Black,NACS (J3400) DC fast charge connector,120 month/100000 miles,7YAKN4DA6SY013479,2025,84 kWh,https://ev.com/vehicle/ujou74,2025HyundaiIONIQ 5SEL,"$34,825"
Hyundai,318 mi,20 minutes,1 mi,225 HP,Up to 5,Lucid Blue,Gray,NACS (J3400) DC fast charge connector,120 month/100000 miles,7YAKN4DA2SY006318,2025,84 kWh,https://ev.com/vehicle/hqmkkv,2025HyundaiIONIQ 5SEL,"$25,515"
Hyundai,318 mi,20 minutes,1 mi,225 HP,Up to 5,Abyss Black,Black,NACS (J3400) DC fast charge connector,120 month/100000 miles,7YAKN4DA5SY014946,2025,84 kWh,https://ev.com/vehicle/rg6uue,2025HyundaiIONIQ 5SEL,"$25,805"
Hyundai,318 mi,20 minutes,1 mi,225 HP,Up to 5,Cyber Gray,Black,NACS (J3400) DC fast charge connector,120 month/100000 miles,7YAKN4DA7SY014897,2025,84 kWh,https://ev.com/vehicle/tof0dc,2025HyundaiIONIQ 5SEL,"$26,100"
Hyundai,318 mi,20 minutes,1 mi,225 HP,Up to 5,Abyss Black,Black,NACS (J3400) DC fast charge connector,120 month/100000 miles,7YAKR4DA4SY001609,2025,84 kWh,https://ev.com/vehicle/7kmlsj,2025HyundaiIONIQ 5Limited,"$30,475"
Hyundai,318 mi,20 minutes,1 mi,225 HP,Up to 5,Abyss Black,Gray,NACS (J3400) DC fast charge connector,120 month/100000 miles,7YAKR4DA7SY015665,2025,84 kWh,https://ev.com/vehicle/m6dwzt,2025HyundaiIONIQ 5Limited,"$30,610"
Hyundai,318 mi,20 minutes,1 mi,225 HP,Up to 5,Digital Teal,Black,NACS (J3400) DC fast charge connector,120 month/100000 miles,7YAKR4DA8SY005730,2025,84 kWh,https://ev.com/vehicle/x92pv9,2025HyundaiIONIQ 5Limited,"$30,215"
Hyundai,318 mi,20 minutes,24 mi,225 HP,Up to 5,Atlas White Matte,Black,NACS (J3400) DC fast charge connector,120 month/100000 miles,7YAKN4DA2SY006268,2025,84 kWh,https://ev.com/vehicle/6p3q9a,2025HyundaiIONIQ 5SEL,"$39,070"
Hyundai,318 mi,20 minutes,33 mi,225 HP,Up to 5,Abyss Black,Black,NACS (J3400) DC fast charge connector,120 month/100000 miles,7YAKN4DA8SY001088,2025,84 kWh,https://ev.com/vehicle/b2afzf,2025HyundaiIONIQ 5SEL,"$39,975"
Hyundai,245 mi,20 minutes,15 mi,168 HP,Up to 5,Gray,Black,NACS (J3400) DC fast charge connector,120 month/100000 miles,7YAKM4DB9SY014489,2025,63 kWh,https://ev.com/vehicle/f85ha3,2025HyundaiIONIQ 5SE Standard Range,"$26,750"
Hyundai,318 mi,20 minutes,15 mi,225 HP,Up to 5,Black,Black,NACS (J3400) DC fast charge connector,120 month/100000 miles,7YAKM4DA4SY014925,2025,84 kWh,https://ev.com/vehicle/8l5kup,2025HyundaiIONIQ 5SE,"$30,120"
Hyundai,318 mi,20 minutes,15 mi,225 HP,Up to 5,Blue,Gray,NACS (J3400) DC fast charge connector,120 month/100000 miles,7YAKN4DA4SY015408,2025,84 kWh,https://ev.com/vehicle/myq9jm,2025HyundaiIONIQ 5SEL,"$34,815"
Hyundai,318 mi,20 minutes,15 mi,225 HP,Up to 5,Gray,Black,NACS (J3400) DC fast charge connector,120 month/100000 miles,7YAKN4DA9SY016456,2025,84 kWh,https://ev.com/vehicle/tbajk1,2025HyundaiIONIQ 5SEL,"$35,475"
Hyundai,318 mi,20 minutes,15 mi,225 HP,Up to 5,White,Black,NACS (J3400) DC fast charge connector,120 month/100000 miles,7YAKR4DA6SY001255,2025,84 kWh,https://ev.com/vehicle/cnoxgo,2025HyundaiIONIQ 5Limited,"$39,400"
Hyundai,318 mi,20 minutes,15 mi,225 HP,Up to 5,Gray,Black,NACS (J3400) DC fast charge connector,120 month/100000 miles,7YAKR4DA9SY016719,2025,84 kWh,https://ev.com/vehicle/9bo9xz,2025HyundaiIONIQ 5Limited,"$39,835"
Hyundai,305 mi,18 minutes,"5,305 mi",225 HP,Up to 5,Silver,Black,SAE CCS DC fast charge connector,120 month/100000 miles,KMHM54AA2PA029369,2023,77.4 kWh,https://ev.com/vehicle/6co9po,2023HyundaiIONIQ 6Limited,"$21,995"
Hyundai,291 mi,18 minutes,6 mi,225 HP,Up to 5,Blue,Gray,SAE CCS DC fast charge connector,120 month/100000 miles,KMHM34AA2SA095984,2025,77.4 kWh,https://ev.com/vehicle/3fy7ll,2025HyundaiIONIQ 6SEL,"$30,715"
Hyundai,291 mi,18 minutes,5 mi,225 HP,Up to 5,Blue,Gray,SAE CCS DC fast charge connector,120 month/100000 miles,KMHM54AA4SA098671,2025,77.4 kWh,https://ev.com/vehicle/2uq2pz,2025HyundaiIONIQ 6Limited,"$36,695"
Hyundai,291 mi,18 minutes,10 mi,225 HP,Up to 5,Blue,Black,SAE CCS DC fast charge connector,120 month/100000 miles,KMHM34AA1SA099413,2025,77.4 kWh,https://ev.com/vehicle/e7tm5u,2025HyundaiIONIQ 6SEL,"$28,075"
Hyundai,291 mi,18 minutes,10 mi,225 HP,Up to 5,Silver,Black,SAE CCS DC fast charge connector,120 month/100000 miles,KMHM34AA1SA098701,2025,77.4 kWh,https://ev.com/vehicle/cc9lp6,2025HyundaiIONIQ 6SEL,"$28,310"
Hyundai,291 mi,18 minutes,10 mi,225 HP,Up to 5,Black,Black,SAE CCS DC fast charge connector,120 month/100000 miles,KMHM34AA2SA098416,2025,77.4 kWh,https://ev.com/vehicle/x6eyhp,2025HyundaiIONIQ 6SEL,"$28,310"
Hyundai,291 mi,18 minutes,6 mi,225 HP,Up to 5,White,Gray,SAE CCS DC fast charge connector,120 month/100000 miles,KMHM34AA9SA099269,2025,77.4 kWh,https://ev.com/vehicle/n9efb7,2025HyundaiIONIQ 6SEL,"$29,225"
Hyundai,291 mi,18 minutes,10 mi,225 HP,Up to 5,Blue,Gray,SAE CCS DC fast charge connector,120 month/100000 miles,KMHM34AA1SA099427,2025,77.4 kWh,https://ev.com/vehicle/93fxg8,2025HyundaiIONIQ 6SEL,"$28,075"
Hyundai,291 mi,18 minutes,10 mi,225 HP,Up to 5,White,Black,SAE CCS DC fast charge connector,120 month/100000 miles,KMHM34AA2SA099310,2025,77.4 kWh,https://ev.com/vehicle/r5qt6t,2025HyundaiIONIQ 6SEL,"$28,575"
Hyundai,291 mi,18 minutes,10 mi,225 HP,Up to 5,White,Black,SAE CCS DC fast charge connector,120 month/100000 miles,KMHM34AA7SA098864,2025,77.4 kWh,https://ev.com/vehicle/j7r89b,2025HyundaiIONIQ 6SEL,"$28,825"
Hyundai,291 mi,18 minutes,10 mi,225 HP,Up to 5,Blue,Black,SAE CCS DC fast charge connector,120 month/100000 miles,KMHM34AAXSA099409,2025,77.4 kWh,https://ev.com/vehicle/o8lp73,2025HyundaiIONIQ 6SEL,"$28,075"
Hyundai,33 mi,N/A,"2,587 mi",180 HP,Up to 5,Gray,Black,N/A,120 month/100000 miles,KM8JFDD20RU240897,2024,13.8 kWh,https://ev.com/vehicle/h8lmkc,2024HyundaiTucson Plug-In HybridLimited,"$38,550"
Hyundai,33 mi,N/A,587 mi,180 HP,Up to 5,Gray,Black,N/A,120 month/100000 miles,KM8JFDD28RU250058,2024,13.8 kWh,https://ev.com/vehicle/wsfj2b,2024HyundaiTucson Plug-In HybridLimited,"$39,060"
Hyundai,33 mi,N/A,1 mi,178 HP,Up to 5,Amazon Gray Metallic,Black,N/A,120 month/100000 miles,KM8JBDD20SU248712,2025,13.8 kWh,https://ev.com/vehicle/vusbvz,2025HyundaiTucson Plug-In HybridSEL,"$37,074"
Hyundai,303 mi,18 minutes,11 mi,225 HP,Up to 5,Blue,Black,SAE CCS DC fast charge connector,120 month/100000 miles,KM8KR4DE6RU342095,2024,77.4 kWh,https://ev.com/vehicle/0bggrk,2024HyundaiIONIQ 5Limited,"$33,205"
Hyundai,318 mi,20 minutes,11 mi,225 HP,Up to 5,White,Gray,NACS (J3400) DC fast charge connector,120 month/100000 miles,7YAKM4DA0SY004215,2025,84 kWh,https://ev.com/vehicle/a4cmc6,2025HyundaiIONIQ 5SE,"$24,120"
Hyundai,318 mi,20 minutes,9 mi,225 HP,Up to 5,White,Gray,NACS (J3400) DC fast charge connector,120 month/100000 miles,7YAKM4DA8SY008416,2025,84 kWh,https://ev.com/vehicle/5d2cf1,2025HyundaiIONIQ 5SE,"$24,135"
Hyundai,318 mi,20 minutes,15 mi,225 HP,Up to 5,Black,Gray,NACS (J3400) DC fast charge connector,120 month/100000 miles,7YAKM4DA2SY010243,2025,84 kWh,https://ev.com/vehicle/uexg6o,2025HyundaiIONIQ 5SE,"$24,320"
Hyundai,318 mi,20 minutes,6 mi,225 HP,Up to 5,Gray,Gray,NACS (J3400) DC fast charge connector,120 month/100000 miles,7YAKN4DA1SY008450,2025,84 kWh,https://ev.com/vehicle/1nq5pr,2025HyundaiIONIQ 5SEL,"$26,015"
Hyundai,318 mi,20 minutes,39 mi,225 HP,Up to 5,Black,Black,NACS (J3400) DC fast charge connector,120 month/100000 miles,7YAKN4DA4SY001024,2025,84 kWh,https://ev.com/vehicle/tj1p0d,2025HyundaiIONIQ 5SEL,"$25,570"
Hyundai,259 mi,20 minutes,18 mi,320 HP,Up to 5,Gray,Black,NACS (J3400) DC fast charge connector,120 month/100000 miles,7YAKPDDC0SY010167,2025,84 kWh,https://ev.com/vehicle/abciim,2025HyundaiIONIQ 5XRT,"$31,990"
Hyundai,318 mi,20 minutes,11 mi,225 HP,Up to 5,Gray,Black,NACS (J3400) DC fast charge connector,120 month/100000 miles,7YAKN4DA2SY011583,2025,84 kWh,https://ev.com/vehicle/a1qzc7,2025HyundaiIONIQ 5SEL,"$26,080"
Hyundai,318 mi,20 minutes,13 mi,225 HP,Up to 5,Blue,Black,NACS (J3400) DC fast charge connector,120 month/100000 miles,7YAKN4DA7SY011398,2025,84 kWh,https://ev.com/vehicle/p0odc0,2025HyundaiIONIQ 5SEL,"$25,710"
Hyundai,318 mi,20 minutes,10 mi,225 HP,Up to 5,Blue,Black,NACS (J3400) DC fast charge connector,120 month/100000 miles,7YAKN4DAXSY011640,2025,84 kWh,https://ev.com/vehicle/1msruz,2025HyundaiIONIQ 5SEL,"$27,275"
Hyundai,318 mi,20 minutes,12 mi,225 HP,Up to 5,Gray,Black,NACS (J3400) DC fast charge connector,120 month/100000 miles,7YAKM4DA5SY004470,2025,84 kWh,https://ev.com/vehicle/jfwl84,2025HyundaiIONIQ 5SE,"$23,140"
Hyundai,318 mi,20 minutes,12 mi,225 HP,Up to 5,White,Black,NACS (J3400) DC fast charge connector,120 month/100000 miles,7YAKN4DA4SY011620,2025,84 kWh,https://ev.com/vehicle/c1ezm2,2025HyundaiIONIQ 5SEL,"$25,580"
Hyundai,318 mi,20 minutes,6 mi,225 HP,Up to 5,Gray,Black,NACS (J3400) DC fast charge connector,120 month/100000 miles,7YAKN4DA2SY010966,2025,84 kWh,https://ev.com/vehicle/atma8q,2025HyundaiIONIQ 5SEL,"$26,710"
Hyundai,318 mi,20 minutes,6 mi,225 HP,Up to 5,White,Gray,NACS (J3400) DC fast charge connector,120 month/100000 miles,7YAKM4DA0SY016008,2025,84 kWh,https://ev.com/vehicle/beguke,2025HyundaiIONIQ 5SE,"$22,680"
Hyundai,318 mi,20 minutes,6 mi,225 HP,Up to 5,Gray,Black,NACS (J3400) DC fast charge connector,120 month/100000 miles,7YAKM4DA4SY015055,2025,84 kWh,https://ev.com/vehicle/te7wxw,2025HyundaiIONIQ 5SE,"$23,120"
Hyundai,318 mi,20 minutes,6 mi,225 HP,Up to 5,Green,Black,NACS (J3400) DC fast charge connector,120 month/100000 miles,7YAKN4DA3SY015318,2025,84 kWh,https://ev.com/vehicle/qyfhq7,2025HyundaiIONIQ 5SEL,"$25,805"
Hyundai,318 mi,20 minutes,6 mi,225 HP,Up to 5,Black,Black,NACS (J3400) DC fast charge connector,120 month/100000 miles,7YAKN4DA3SY015884,2025,84 kWh,https://ev.com/vehicle/dzdep7,2025HyundaiIONIQ 5SEL,"$25,250"
Hyundai,318 mi,20 minutes,6 mi,225 HP,Up to 5,White,Gray,NACS (J3400) DC fast charge connector,120 month/100000 miles,7YAKN4DA3SY016100,2025,84 kWh,https://ev.com/vehicle/5xtcii,2025HyundaiIONIQ 5SEL,"$25,250"
Hyundai,318 mi,20 minutes,6 mi,225 HP,Up to 5,Gray,Black,NACS (J3400) DC fast charge connector,120 month/100000 miles,7YAKN4DA4SY014551,2025,84 kWh,https://ev.com/vehicle/nx042w,2025HyundaiIONIQ 5SEL,"$26,145"
Hyundai,318 mi,20 minutes,6 mi,225 HP,Up to 5,Gray,Black,NACS (J3400) DC fast charge connector,120 month/100000 miles,7YAKN4DA5SY012307,2025,84 kWh,https://ev.com/vehicle/r7ffba,2025HyundaiIONIQ 5SEL,"$26,210"
Hyundai,318 mi,20 minutes,6 mi,225 HP,Up to 5,Black,Gray,NACS (J3400) DC fast charge connector,120 month/100000 miles,7YAKN4DA9SY001469,2025,84 kWh,https://ev.com/vehicle/7e3qds,2025HyundaiIONIQ 5SEL,"$25,910"
Hyundai,318 mi,20 minutes,6 mi,225 HP,Up to 5,White,Black,NACS (J3400) DC fast charge connector,120 month/100000 miles,7YAKN4DA9SY011371,2025,84 kWh,https://ev.com/vehicle/5xjqr8,2025HyundaiIONIQ 5SEL,"$25,710"
Hyundai,318 mi,20 minutes,6 mi,225 HP,Up to 5,Gray,Gray,NACS (J3400) DC fast charge connector,120 month/100000 miles,7YAKN4DA9SY011595,2025,84 kWh,https://ev.com/vehicle/bq1j2p,2025HyundaiIONIQ 5SEL,"$26,210"
Hyundai,259 mi,20 minutes,6 mi,320 HP,Up to 5,Gray,Black,NACS (J3400) DC fast charge connector,120 month/100000 miles,7YAKPDDC1SY016155,2025,84 kWh,https://ev.com/vehicle/4x9fyo,2025HyundaiIONIQ 5XRT,"$32,040"
Hyundai,318 mi,20 minutes,6 mi,225 HP,Up to 5,White,Dark Green,NACS (J3400) DC fast charge connector,120 month/100000 miles,7YAKR4DA2SY009675,2025,84 kWh,https://ev.com/vehicle/k871lw,2025HyundaiIONIQ 5Limited,"$30,345"
Hyundai,318 mi,20 minutes,6 mi,225 HP,Up to 5,Blue,Black,NACS (J3400) DC fast charge connector,120 month/100000 miles,7YAKR4DA3SY015386,2025,84 kWh,https://ev.com/vehicle/jnalxq,2025HyundaiIONIQ 5Limited,"$30,390"
Hyundai,318 mi,20 minutes,6 mi,225 HP,Up to 5,Black,Dark Green,NACS (J3400) DC fast charge connector,120 month/100000 miles,7YAKR4DA5SY010061,2025,84 kWh,https://ev.com/vehicle/5exezg,2025HyundaiIONIQ 5Limited,"$30,630"
Hyundai,318 mi,20 minutes,5 mi,225 HP,Up to 5,Gray,Gray,NACS (J3400) DC fast charge connector,120 month/100000 miles,7YAKR4DA5SY015065,2025,84 kWh,https://ev.com/vehicle/22g9j4,2025HyundaiIONIQ 5Limited,"$38,335"
Hyundai,318 mi,20 minutes,5 mi,225 HP,Up to 5,Green,Gray,NACS (J3400) DC fast charge connector,120 month/100000 miles,7YAKM4DA5SY004808,2025,84 kWh,https://ev.com/vehicle/ueok30,2025HyundaiIONIQ 5SE,"$22,540"
Hyundai,318 mi,20 minutes,5 mi,225 HP,Up to 5,Blue,Gray,NACS (J3400) DC fast charge connector,120 month/100000 miles,7YAKN4DA0SY004311,2025,84 kWh,https://ev.com/vehicle/lejryt,2025HyundaiIONIQ 5SEL,"$25,445"
Hyundai,318 mi,20 minutes,5 mi,225 HP,Up to 5,Gray,Gray,NACS (J3400) DC fast charge connector,120 month/100000 miles,7YAKN4DA3SY007624,2025,84 kWh,https://ev.com/vehicle/ren9pu,2025HyundaiIONIQ 5SEL,"$26,515"
Hyundai,318 mi,20 minutes,5 mi,225 HP,Up to 5,Blue,Ygn,NACS (J3400) DC fast charge connector,120 month/100000 miles,7YAKN4DAXSY008222,2025,84 kWh,https://ev.com/vehicle/0y274g,2025HyundaiIONIQ 5SEL,"$27,030"
Hyundai,318 mi,20 minutes,5 mi,225 HP,Up to 5,Green,Ygn,NACS (J3400) DC fast charge connector,120 month/100000 miles,7YAKM4DA8SY009288,2025,84 kWh,https://ev.com/vehicle/lzuo91,2025HyundaiIONIQ 5SE,"$22,565"
Hyundai,318 mi,20 minutes,10 mi,225 HP,Up to 5,Atlas White Matte,Gray,NACS (J3400) DC fast charge connector,120 month/100000 miles,7YAKN4DA7SY008758,2025,84 kWh,https://ev.com/vehicle/q3be4a,2025HyundaiIONIQ 5SEL,"$35,510"
Hyundai,318 mi,20 minutes,5 mi,225 HP,Up to 5,Gray,Ygn,NACS (J3400) DC fast charge connector,120 month/100000 miles,7YAKM4DA3SY009425,2025,84 kWh,https://ev.com/vehicle/xoq0gg,2025HyundaiIONIQ 5SE,"$23,065"
Hyundai,318 mi,20 minutes,5 mi,225 HP,Up to 5,White,Blk H-Tex Lthette,NACS (J3400) DC fast charge connector,120 month/100000 miles,7YAKN4DAXSY007846,2025,84 kWh,https://ev.com/vehicle/u9qz87,2025HyundaiIONIQ 5SEL,"$26,445"
Hyundai,318 mi,20 minutes,5 mi,225 HP,Up to 5,Black,Blk H-Tex Lthette,NACS (J3400) DC fast charge connector,120 month/100000 miles,7YAKR4DA3SY008860,2025,84 kWh,https://ev.com/vehicle/ujk046,2025HyundaiIONIQ 5Limited,"$30,220"
Hyundai,259 mi,20 minutes,5 mi,320 HP,Up to 5,Green,Blk H-Tex Lthette,NACS (J3400) DC fast charge connector,120 month/100000 miles,7YAKPDDC6SY008813,2025,84 kWh,https://ev.com/vehicle/xwdaox,2025HyundaiIONIQ 5XRT,"$31,420"
Hyundai,318 mi,20 minutes,5 mi,225 HP,Up to 5,Black,Vke,NACS (J3400) DC fast charge connector,120 month/100000 miles,7YAKR4DA5SY010030,2025,84 kWh,https://ev.com/vehicle/b100x1,2025HyundaiIONIQ 5Limited,"$31,905"
Hyundai,318 mi,20 minutes,5 mi,225 HP,Up to 5,White,Blk H-Tex Lthette,NACS (J3400) DC fast charge connector,120 month/100000 miles,7YAKN4DA1SY012997,2025,84 kWh,https://ev.com/vehicle/353jz8,2025HyundaiIONIQ 5SEL,"$25,750"
Hyundai,318 mi,20 minutes,5 mi,225 HP,Up to 5,Gray,Ygn,NACS (J3400) DC fast charge connector,120 month/100000 miles,7YAKN4DA2SY013107,2025,84 kWh,https://ev.com/vehicle/cywrpx,2025HyundaiIONIQ 5SEL,"$26,310"
Hyundai,318 mi,20 minutes,5 mi,225 HP,Up to 5,Gray,Blk H-Tex Lthette,NACS (J3400) DC fast charge connector,120 month/100000 miles,7YAKN4DA7SY014205,2025,84 kWh,https://ev.com/vehicle/t9n562,2025HyundaiIONIQ 5SEL,"$26,310"
Hyundai,318 mi,20 minutes,5 mi,225 HP,Up to 5,Black,Blk H-Tex Lthette,NACS (J3400) DC fast charge connector,120 month/100000 miles,7YAKN4DA8SY011524,2025,84 kWh,https://ev.com/vehicle/1rr6ds,2025HyundaiIONIQ 5SEL,"$25,970"
Hyundai,318 mi,20 minutes,5 mi,225 HP,Up to 5,White,Blk H-Tex Lthette,NACS (J3400) DC fast charge connector,120 month/100000 miles,7YAKM4DA2SY007715,2025,84 kWh,https://ev.com/vehicle/ylkub2,2025HyundaiIONIQ 5SE,"$22,565"
Hyundai,318 mi,20 minutes,5 mi,225 HP,Up to 5,Blue,Blk H-Tex Lthette,NACS (J3400) DC fast charge connector,120 month/100000 miles,7YAKM4DA8SY014765,2025,84 kWh,https://ev.com/vehicle/bc9sfk,2025HyundaiIONIQ 5SE,"$22,695"
Hyundai,318 mi,20 minutes,5 mi,225 HP,Up to 5,White,Ygn,NACS (J3400) DC fast charge connector,120 month/100000 miles,7YAKM4DA8SY015365,2025,84 kWh,https://ev.com/vehicle/mb8xnt,2025HyundaiIONIQ 5SE,"$22,695"
Hyundai,318 mi,20 minutes,5 mi,225 HP,Up to 5,White,Blk H-Tex Lthette,NACS (J3400) DC fast charge connector,120 month/100000 miles,7YAKN4DA2SY013527,2025,84 kWh,https://ev.com/vehicle/xcomuk,2025HyundaiIONIQ 5SEL,"$26,910"
Hyundai,318 mi,20 minutes,5 mi,225 HP,Up to 5,Black,Gray,NACS (J3400) DC fast charge connector,120 month/100000 miles,7YAKN4DA7SY006363,2025,84 kWh,https://ev.com/vehicle/96giaw,2025HyundaiIONIQ 5SEL,"$25,445"
Hyundai,318 mi,20 minutes,5 mi,225 HP,Up to 5,Gray,Ygn,NACS (J3400) DC fast charge connector,120 month/100000 miles,7YAKN4DA9SY013962,2025,84 kWh,https://ev.com/vehicle/mtdawo,2025HyundaiIONIQ 5SEL,"$26,410"
Hyundai,259 mi,20 minutes,5 mi,320 HP,Up to 5,White,Blk H-Tex Lthette,NACS (J3400) DC fast charge connector,120 month/100000 miles,7YAKPDDC0SY010461,2025,84 kWh,https://ev.com/vehicle/xtxb4d,2025HyundaiIONIQ 5XRT,"$32,545"
Hyundai,318 mi,20 minutes,N/A,225 HP,Up to 5,Cyber Gray,Dark Green,NACS (J3400) DC fast charge connector,120 month/100000 miles,7YAKR4DA4SY014313,2025,84 kWh,https://ev.com/vehicle/yfct6e,2025HyundaiIONIQ 5Limited,"$38,345"
Hyundai,318 mi,20 minutes,5 mi,225 HP,Up to 5,White,Vke,NACS (J3400) DC fast charge connector,120 month/100000 miles,7YAKR4DA1SY008002,2025,84 kWh,https://ev.com/vehicle/mudrhy,2025HyundaiIONIQ 5Limited,"$30,220"
Hyundai,318 mi,20 minutes,5 mi,225 HP,Up to 5,White,Vke,NACS (J3400) DC fast charge connector,120 month/100000 miles,7YAKR4DA4SY014795,2025,84 kWh,https://ev.com/vehicle/4s4r70,2025HyundaiIONIQ 5Limited,"$30,335"
Hyundai,303 mi,18 minutes,"19,511 mi",225 HP,Up to 5,White,Black,SAE CCS DC fast charge connector,120 month/100000 miles,KM8KN4AE6PU177677,2023,77.4 kWh,https://ev.com/vehicle/bvurd6,2023HyundaiIONIQ 5SEL,"$21,195"
Hyundai,318 mi,20 minutes,25 mi,225 HP,Up to 5,White,Gray,NACS (J3400) DC fast charge connector,120 month/100000 miles,7YAKN4DA4SY002061,2025,84 kWh,https://ev.com/vehicle/rchg7c,2025HyundaiIONIQ 5SEL,"$26,515"
Hyundai,303 mi,18 minutes,7 mi,225 HP,Up to 5,White,Black,SAE CCS DC fast charge connector,120 month/100000 miles,KM8KR4DE9RU340941,2024,77.4 kWh,https://ev.com/vehicle/ajywtc,2024HyundaiIONIQ 5Limited,"$42,715"
Hyundai,303 mi,18 minutes,16 mi,225 HP,Up to 5,Black,Black,SAE CCS DC fast charge connector,120 month/100000 miles,KM8KR4DE3RU333077,2024,77.4 kWh,https://ev.com/vehicle/cj39hc,2024HyundaiIONIQ 5Limited,"$43,840"
Hyundai,303 mi,18 minutes,13 mi,225 HP,Up to 5,White,Black,SAE CCS DC fast charge connector,120 month/100000 miles,KM8KR4DE6RU330383,2024,77.4 kWh,https://ev.com/vehicle/a19oeg,2024HyundaiIONIQ 5Limited,"$42,715"
Hyundai,303 mi,18 minutes,13 mi,225 HP,Up to 5,Black,Black,SAE CCS DC fast charge connector,120 month/100000 miles,KM8KR4DE2RU338965,2024,77.4 kWh,https://ev.com/vehicle/wfr2fv,2024HyundaiIONIQ 5Limited,"$43,810"
Hyundai,303 mi,18 minutes,13 mi,225 HP,Up to 5,Black,Gray,SAE CCS DC fast charge connector,120 month/100000 miles,KM8KR4DEXRU312615,2024,77.4 kWh,https://ev.com/vehicle/7uo64d,2024HyundaiIONIQ 5Limited,"$42,025"
Hyundai,303 mi,18 minutes,10 mi,225 HP,Up to 5,Black,Black,SAE CCS DC fast charge connector,120 month/100000 miles,KM8KR4DEXRU331777,2024,77.4 kWh,https://ev.com/vehicle/2qaqdo,2024HyundaiIONIQ 5Limited,"$42,025"
Hyundai,303 mi,18 minutes,"4,516 mi",225 HP,Up to 5,White,Black,SAE CCS DC fast charge connector,120 month/100000 miles,KM8KN4DE5RU257499,2024,77.4 kWh,https://ev.com/vehicle/cfy2vb,2024HyundaiIONIQ 5SEL,"$24,832"
Hyundai,318 mi,20 minutes,10 mi,225 HP,Up to 5,Black,Black,NACS (J3400) DC fast charge connector,120 month/100000 miles,7YAKM4DA3SY004144,2025,84 kWh,https://ev.com/vehicle/wmg9jm,2025HyundaiIONIQ 5SE,"$20,230"
Hyundai,259 mi,20 minutes,10 mi,320 HP,Up to 5,White,Black,NACS (J3400) DC fast charge connector,120 month/100000 miles,7YAKPDDC3SY004783,2025,84 kWh,https://ev.com/vehicle/6ly4ze,2025HyundaiIONIQ 5XRT,"$31,510"
Hyundai,318 mi,20 minutes,10 mi,225 HP,Up to 5,Blue,Gray,NACS (J3400) DC fast charge connector,120 month/100000 miles,7YAKM4DA7SY008343,2025,84 kWh,https://ev.com/vehicle/buhi9p,2025HyundaiIONIQ 5SE,"$22,495"
Hyundai,318 mi,20 minutes,10 mi,225 HP,Up to 5,Abyss Black,Gray,NACS (J3400) DC fast charge connector,120 month/100000 miles,7YAKN4DA3SY009146,2025,84 kWh,https://ev.com/vehicle/b34hnk,2025HyundaiIONIQ 5SEL,"$32,945"
Hyundai,318 mi,20 minutes,10 mi,225 HP,Up to 5,Gray,Blk H-Tex Lthette,NACS (J3400) DC fast charge connector,120 month/100000 miles,7YAKM4DA7SY010710,2025,84 kWh,https://ev.com/vehicle/v5tgab,2025HyundaiIONIQ 5SE,"$22,305"
Hyundai,318 mi,20 minutes,10 mi,225 HP,Up to 5,Gray,Blk H-Tex Lthette,NACS (J3400) DC fast charge connector,120 month/100000 miles,7YAKM4DA8SY011347,2025,84 kWh,https://ev.com/vehicle/e5h9a2,2025HyundaiIONIQ 5SE,"$22,305"
Hyundai,318 mi,20 minutes,1 mi,225 HP,Up to 5,Lucid Blue,Black,NACS (J3400) DC fast charge connector,120 month/100000 miles,7YAKM4DA6SY004073,2025,84 kWh,https://ev.com/vehicle/2lzemf,2025HyundaiIONIQ 5SE,"$22,565"
Hyundai,318 mi,20 minutes,10 mi,225 HP,Up to 5,White,Ygn,NACS (J3400) DC fast charge connector,120 month/100000 miles,7YAKM4DAXSY004822,2025,84 kWh,https://ev.com/vehicle/e3xxbi,2025HyundaiIONIQ 5SE,"$21,855"
Hyundai,318 mi,20 minutes,10 mi,225 HP,Up to 5,Gray,Ygn,NACS (J3400) DC fast charge connector,120 month/100000 miles,7YAKM4DA1SY015420,2025,84 kWh,https://ev.com/vehicle/gwr6kj,2025HyundaiIONIQ 5SE,"$22,425"
Hyundai,318 mi,20 minutes,10 mi,225 HP,Up to 5,White,Ygn,NACS (J3400) DC fast charge connector,120 month/100000 miles,7YAKM4DA3SY015371,2025,84 kWh,https://ev.com/vehicle/brywgr,2025HyundaiIONIQ 5SE,"$21,785"
Hyundai,318 mi,20 minutes,10 mi,225 HP,Up to 5,Black,Blk H-Tex Lthette,NACS (J3400) DC fast charge connector,120 month/100000 miles,7YAKM4DA7SY014045,2025,84 kWh,https://ev.com/vehicle/v6pkrr,2025HyundaiIONIQ 5SE,"$21,805"
Hyundai,318 mi,20 minutes,10 mi,225 HP,Up to 5,Gray,Blk H-Tex Lthette,NACS (J3400) DC fast charge connector,120 month/100000 miles,7YAKM4DA8SY015057,2025,84 kWh,https://ev.com/vehicle/02ted6,2025HyundaiIONIQ 5SE,"$22,285"
Hyundai,318 mi,20 minutes,10 mi,225 HP,Up to 5,Gray,Ygn,NACS (J3400) DC fast charge connector,120 month/100000 miles,7YAKM4DA8SY015060,2025,84 kWh,https://ev.com/vehicle/2gsq8s,2025HyundaiIONIQ 5SE,"$22,425"
Hyundai,318 mi,20 minutes,10 mi,225 HP,Up to 5,White,Blk H-Tex Lthette,NACS (J3400) DC fast charge connector,120 month/100000 miles,7YAKM4DA9SY010434,2025,84 kWh,https://ev.com/vehicle/s5wqkq,2025HyundaiIONIQ 5SE,"$21,805"
Hyundai,318 mi,20 minutes,10 mi,225 HP,Up to 5,White,Blk H-Tex Lthette,NACS (J3400) DC fast charge connector,120 month/100000 miles,7YAKM4DA9SY015360,2025,84 kWh,https://ev.com/vehicle/m61co6,2025HyundaiIONIQ 5SE,"$21,925"
Hyundai,318 mi,20 minutes,10 mi,225 HP,Up to 5,Blue,Blk H-Tex Lthette,NACS (J3400) DC fast charge connector,120 month/100000 miles,7YAKM4DA9SY015598,2025,84 kWh,https://ev.com/vehicle/n57znn,2025HyundaiIONIQ 5SE,"$21,855"
Hyundai,318 mi,20 minutes,10 mi,225 HP,Up to 5,Gray,Blk H-Tex Lthette,NACS (J3400) DC fast charge connector,120 month/100000 miles,7YAKM4DAXSY015397,2025,84 kWh,https://ev.com/vehicle/5o1tt5,2025HyundaiIONIQ 5SE,"$22,285"
Hyundai,318 mi,20 minutes,10 mi,225 HP,Up to 5,Gray,Blk H-Tex Lthette,NACS (J3400) DC fast charge connector,120 month/100000 miles,7YAKN4DA1SY014295,2025,84 kWh,https://ev.com/vehicle/6gzg30,2025HyundaiIONIQ 5SEL,"$23,745"
Hyundai,318 mi,20 minutes,10 mi,225 HP,Up to 5,White,Blk H-Tex Lthette,NACS (J3400) DC fast charge connector,120 month/100000 miles,7YAKN4DA3SY013911,2025,84 kWh,https://ev.com/vehicle/kq7xcm,2025HyundaiIONIQ 5SEL,"$24,810"
Hyundai,318 mi,20 minutes,10 mi,225 HP,Up to 5,White,Blk H-Tex Lthette,NACS (J3400) DC fast charge connector,120 month/100000 miles,7YAKN4DA2SY014628,2025,84 kWh,https://ev.com/vehicle/p9mbxa,2025HyundaiIONIQ 5SEL,"$24,795"
Hyundai,318 mi,20 minutes,10 mi,225 HP,Up to 5,Gray,Ygn,NACS (J3400) DC fast charge connector,120 month/100000 miles,7YAKN4DA9SY014559,2025,84 kWh,https://ev.com/vehicle/4hwhwu,2025HyundaiIONIQ 5SEL,"$25,295"
Hyundai,318 mi,20 minutes,10 mi,225 HP,Up to 5,Gray,Ygn,NACS (J3400) DC fast charge connector,120 month/100000 miles,7YAKN4DA3SY014881,2025,84 kWh,https://ev.com/vehicle/26s265,2025HyundaiIONIQ 5SEL,"$25,370"
Hyundai,318 mi,20 minutes,10 mi,225 HP,Up to 5,Gray,Blk H-Tex Lthette,NACS (J3400) DC fast charge connector,120 month/100000 miles,7YAKN4DA4SY014307,2025,84 kWh,https://ev.com/vehicle/xxgg2d,2025HyundaiIONIQ 5SEL,"$23,745"
Hyundai,318 mi,20 minutes,10 mi,225 HP,Up to 5,Gray,Blk H-Tex Lthette,NACS (J3400) DC fast charge connector,120 month/100000 miles,7YAKN4DA9SY014240,2025,84 kWh,https://ev.com/vehicle/mjwm6y,2025HyundaiIONIQ 5SEL,"$23,745"
Hyundai,318 mi,20 minutes,10 mi,225 HP,Up to 5,Gray,Ygn,NACS (J3400) DC fast charge connector,120 month/100000 miles,7YAKN4DA9SY014562,2025,84 kWh,https://ev.com/vehicle/eitabw,2025HyundaiIONIQ 5SEL,"$25,295"
Hyundai,318 mi,20 minutes,10 mi,225 HP,Up to 5,White,Blk H-Tex Lthette,NACS (J3400) DC fast charge connector,120 month/100000 miles,7YAKM4DA2SY015359,2025,84 kWh,https://ev.com/vehicle/znzv88,2025HyundaiIONIQ 5SE,"$21,925"
Hyundai,318 mi,20 minutes,10 mi,225 HP,Up to 5,Green,Blk H-Tex Lthette,NACS (J3400) DC fast charge connector,120 month/100000 miles,7YAKM4DA3SY015449,2025,84 kWh,https://ev.com/vehicle/6dtofn,2025HyundaiIONIQ 5SE,"$21,925"
Hyundai,318 mi,20 minutes,10 mi,225 HP,Up to 5,Gray,Blk H-Tex Lthette,NACS (J3400) DC fast charge connector,120 month/100000 miles,7YAKM4DAXSY002732,2025,84 kWh,https://ev.com/vehicle/6lsxq0,2025HyundaiIONIQ 5SE,"$22,230"
Hyundai,318 mi,20 minutes,10 mi,225 HP,Up to 5,Green,Ygn,NACS (J3400) DC fast charge connector,120 month/100000 miles,7YAKM4DA3SY015340,2025,84 kWh,https://ev.com/vehicle/69bofm,2025HyundaiIONIQ 5SE,"$21,785"
Hyundai,318 mi,20 minutes,10 mi,225 HP,Up to 5,Black,Blk H-Tex Lthette,NACS (J3400) DC fast charge connector,120 month/100000 miles,7YAKM4DA5SY016537,2025,84 kWh,https://ev.com/vehicle/mbivtr,2025HyundaiIONIQ 5SE,"$21,905"
Hyundai,318 mi,20 minutes,10 mi,225 HP,Up to 5,Blue,Blk H-Tex Lthette,NACS (J3400) DC fast charge connector,120 month/100000 miles,7YAKM4DA7SY016832,2025,84 kWh,https://ev.com/vehicle/4wzi2o,2025HyundaiIONIQ 5SE,"$21,785"
Hyundai,318 mi,20 minutes,10 mi,225 HP,Up to 5,Gray,Blk H-Tex Lthette,NACS (J3400) DC fast charge connector,120 month/100000 miles,7YAKN4DA5SY013599,2025,84 kWh,https://ev.com/vehicle/c7bepo,2025HyundaiIONIQ 5SEL,"$25,310"
Hyundai,318 mi,20 minutes,10 mi,225 HP,Up to 5,Black,Blk H-Tex Lthette,NACS (J3400) DC fast charge connector,120 month/100000 miles,7YAKR4DA0SY001591,2025,84 kWh,https://ev.com/vehicle/ofaukp,2025HyundaiIONIQ 5Limited,"$29,580"
Hyundai,318 mi,20 minutes,10 mi,225 HP,Up to 5,Black,Blk H-Tex Lthette,NACS (J3400) DC fast charge connector,120 month/100000 miles,7YAKR4DA4SY000878,2025,84 kWh,https://ev.com/vehicle/gctogt,2025HyundaiIONIQ 5Limited,"$29,775"
Hyundai,318 mi,20 minutes,10 mi,225 HP,Up to 5,Green,Black,NACS (J3400) DC fast charge connector,120 month/100000 miles,7YAKN4DA3SY017361,2025,84 kWh,https://ev.com/vehicle/4nnusk,2025HyundaiIONIQ 5SEL,"$33,310"
Hyundai,303 mi,18 minutes,"29,803 mi",225 HP,Up to 5,White,Black,SAE CCS DC fast charge connector,120 month/100000 miles,KM8KM4AE4PU166390,2023,77.4 kWh,https://ev.com/vehicle/v89xzs,2023HyundaiIONIQ 5SE,"$13,470"
Hyundai,318 mi,20 minutes,65 mi,225 HP,Up to 5,Black,Gray,NACS (J3400) DC fast charge connector,120 month/100000 miles,7YAKR4DA7SY001961,2025,84 kWh,https://ev.com/vehicle/mhxmh6,2025HyundaiIONIQ 5Limited,"$30,145"
Hyundai,318 mi,20 minutes,N/A,225 HP,Up to 5,Atlas White,Gray,NACS (J3400) DC fast charge connector,120 month/100000 miles,7YAKN4DA1SY007038,2025,84 kWh,https://ev.com/vehicle/tzui8o,2025HyundaiIONIQ 5SEL,"$32,965"
Hyundai,318 mi,20 minutes,N/A,225 HP,Up to 5,Atlas White,Black,NACS (J3400) DC fast charge connector,120 month/100000 miles,7YAKM4DA4SY009496,2025,84 kWh,https://ev.com/vehicle/bfpljv,2025HyundaiIONIQ 5SE,"$30,065"
Hyundai,318 mi,20 minutes,N/A,225 HP,Up to 5,Cyber Gray,Black,NACS (J3400) DC fast charge connector,120 month/100000 miles,7YAKM4DA9SY013012,2025,84 kWh,https://ev.com/vehicle/vr7ilu,2025HyundaiIONIQ 5SE,"$30,695"
Hyundai,318 mi,20 minutes,N/A,225 HP,Up to 5,Gray,Black,NACS (J3400) DC fast charge connector,120 month/100000 miles,7YAKN4DA0SY011310,2025,84 kWh,https://ev.com/vehicle/27ynpr,2025HyundaiIONIQ 5SEL,"$35,205"
Hyundai,318 mi,20 minutes,N/A,225 HP,Up to 5,Atlas White,Black,NACS (J3400) DC fast charge connector,120 month/100000 miles,7YAKN4DA6SY012994,2025,84 kWh,https://ev.com/vehicle/dmvdp1,2025HyundaiIONIQ 5SEL,"$33,140"
Hyundai,318 mi,20 minutes,4 mi,225 HP,Up to 5,White,Black,NACS (J3400) DC fast charge connector,120 month/100000 miles,7YAKN4DA6SY010923,2025,84 kWh,https://ev.com/vehicle/1vjta6,2025HyundaiIONIQ 5SEL,"$34,210"
Hyundai,318 mi,20 minutes,N/A,225 HP,Up to 5,Cyber Gray,Gray,NACS (J3400) DC fast charge connector,120 month/100000 miles,7YAKN4DAXSY011038,2025,84 kWh,https://ev.com/vehicle/fpeb6u,2025HyundaiIONIQ 5SEL,"$33,570"
Hyundai,318 mi,20 minutes,N/A,225 HP,Up to 5,Atlas White,Black,NACS (J3400) DC fast charge connector,120 month/100000 miles,7YAKN4DA4SY015523,2025,84 kWh,https://ev.com/vehicle/5hwyo9,2025HyundaiIONIQ 5SEL,"$33,140"
Hyundai,318 mi,20 minutes,32 mi,225 HP,Up to 5,Green,Dark Green,NACS (J3400) DC fast charge connector,120 month/100000 miles,7YAKR4DA9SY005235,2025,84 kWh,https://ev.com/vehicle/ka543s,2025HyundaiIONIQ 5Limited,"$37,645"
Hyundai,318 mi,20 minutes,5 mi,225 HP,Up to 5,Gray,Black,NACS (J3400) DC fast charge connector,120 month/100000 miles,7YAKR4DA3SY016277,2025,84 kWh,https://ev.com/vehicle/w6zb2a,2025HyundaiIONIQ 5Limited,"$38,450"
Hyundai,318 mi,20 minutes,1 mi,225 HP,Up to 5,Abyss Black,Dark Green,NACS (J3400) DC fast charge connector,120 month/100000 miles,7YAKR4DA8SY004285,2025,84 kWh,https://ev.com/vehicle/r7uobe,2025HyundaiIONIQ 5Limited,"$30,165"
Hyundai,318 mi,20 minutes,1 mi,225 HP,Up to 5,Atlas White,Black,NACS (J3400) DC fast charge connector,120 month/100000 miles,7YAKM4DAXSY004514,2025,84 kWh,https://ev.com/vehicle/wyi0xa,2025HyundaiIONIQ 5SE,"$22,565"
Hyundai,318 mi,20 minutes,1 mi,225 HP,Up to 5,Cyber Gray,Gray,NACS (J3400) DC fast charge connector,120 month/100000 miles,7YAKM4DA0SY008653,2025,84 kWh,https://ev.com/vehicle/5obnmv,2025HyundaiIONIQ 5SE,"$24,560"
Hyundai,318 mi,20 minutes,1 mi,225 HP,Up to 5,Atlas White,Gray,NACS (J3400) DC fast charge connector,120 month/100000 miles,7YAKN4DA3SY007235,2025,84 kWh,https://ev.com/vehicle/9x9re3,2025HyundaiIONIQ 5SEL,"$25,520"
Hyundai,318 mi,20 minutes,1 mi,225 HP,Up to 5,Cyber Gray,Gray,NACS (J3400) DC fast charge connector,120 month/100000 miles,7YAKM4DA5SY009779,2025,84 kWh,https://ev.com/vehicle/ihzzvk,2025HyundaiIONIQ 5SE,"$24,705"
Hyundai,318 mi,20 minutes,1 mi,225 HP,Up to 5,Cyber Gray,Black,NACS (J3400) DC fast charge connector,120 month/100000 miles,7YAKM4DA6SY010391,2025,84 kWh,https://ev.com/vehicle/w0oh5s,2025HyundaiIONIQ 5SE,"$23,120"
Hyundai,318 mi,20 minutes,1 mi,225 HP,Up to 5,Abyss Black,Dark Green,NACS (J3400) DC fast charge connector,120 month/100000 miles,7YAKR4DA9SY010208,2025,84 kWh,https://ev.com/vehicle/4luo9w,2025HyundaiIONIQ 5Limited,"$30,400"
Hyundai,318 mi,20 minutes,1 mi,225 HP,Up to 5,Abyss Black,Gray,NACS (J3400) DC fast charge connector,120 month/100000 miles,7YAKM4DA7SY011985,2025,84 kWh,https://ev.com/vehicle/w3ccfa,2025HyundaiIONIQ 5SE,"$22,700"
Hyundai,318 mi,20 minutes,1 mi,225 HP,Up to 5,Ecotronic Gray Matte,Gray,NACS (J3400) DC fast charge connector,120 month/100000 miles,7YAKN4DA7SY012552,2025,84 kWh,https://ev.com/vehicle/5vo23u,2025HyundaiIONIQ 5SEL,"$26,640"
Hyundai,318 mi,20 minutes,1 mi,225 HP,Up to 5,Atlas White,Black,NACS (J3400) DC fast charge connector,120 month/100000 miles,7YAKN4DA4SY001315,2025,84 kWh,https://ev.com/vehicle/5edj3y,2025HyundaiIONIQ 5SEL,"$25,870"
Hyundai,318 mi,20 minutes,1 mi,225 HP,Up to 5,Abyss Black,Black,NACS (J3400) DC fast charge connector,120 month/100000 miles,7YAKM4DA0SY014873,2025,84 kWh,https://ev.com/vehicle/1voz5n,2025HyundaiIONIQ 5SE,"$22,695"
Hyundai,318 mi,20 minutes,1 mi,225 HP,Up to 5,Abyss Black,Black,NACS (J3400) DC fast charge connector,120 month/100000 miles,7YAKN4DA2SY001216,2025,84 kWh,https://ev.com/vehicle/cyxorj,2025HyundaiIONIQ 5SEL,"$25,870"
Hyundai,318 mi,20 minutes,1 mi,225 HP,Up to 5,Digital Teal,Black,NACS (J3400) DC fast charge connector,120 month/100000 miles,7YAKN4DA2SY015262,2025,84 kWh,https://ev.com/vehicle/tvjahl,2025HyundaiIONIQ 5SEL,"$25,645"
Hyundai,318 mi,20 minutes,1 mi,225 HP,Up to 5,Ecotronic Gray Matte,Black,NACS (J3400) DC fast charge connector,120 month/100000 miles,7YAKN4DA7SY014690,2025,84 kWh,https://ev.com/vehicle/7oa8ib,2025HyundaiIONIQ 5SEL,"$26,870"
Hyundai,318 mi,20 minutes,1 mi,225 HP,Up to 5,Ecotronic Gray Matte,Black,NACS (J3400) DC fast charge connector,120 month/100000 miles,7YAKN4DAXSY013453,2025,84 kWh,https://ev.com/vehicle/igiz4j,2025HyundaiIONIQ 5SEL,"$26,640"
Hyundai,318 mi,20 minutes,1 mi,225 HP,Up to 5,Cyber Gray,Black,NACS (J3400) DC fast charge connector,120 month/100000 miles,7YAKM4DA6SY016062,2025,84 kWh,https://ev.com/vehicle/s3a2kq,2025HyundaiIONIQ 5SE,"$23,240"
Hyundai,318 mi,20 minutes,1 mi,225 HP,Up to 5,Abyss Black,Black,NACS (J3400) DC fast charge connector,120 month/100000 miles,7YAKR4DA4SY001030,2025,84 kWh,https://ev.com/vehicle/zes6kl,2025HyundaiIONIQ 5Limited,"$30,400"
Hyundai,318 mi,20 minutes,1 mi,225 HP,Up to 5,Atlas White,Gray,NACS (J3400) DC fast charge connector,120 month/100000 miles,7YAKN4DA8SY001513,2025,84 kWh,https://ev.com/vehicle/3pqblk,2025HyundaiIONIQ 5SEL,"$25,870"
Hyundai,318 mi,20 minutes,25 mi,225 HP,Up to 5,White,Vke,NACS (J3400) DC fast charge connector,120 month/100000 miles,7YAKR4DA1SY009215,2025,84 kWh,https://ev.com/vehicle/yzaopa,2025HyundaiIONIQ 5Limited,"$30,145"
Hyundai,318 mi,20 minutes,2 mi,225 HP,Up to 5,Atlas White,Gray,NACS (J3400) DC fast charge connector,120 month/100000 miles,7YAKN4DA6SY014650,2025,84 kWh,https://ev.com/vehicle/udx9ya,2025HyundaiIONIQ 5SEL,"$33,410"
Hyundai,318 mi,20 minutes,2 mi,225 HP,Up to 5,Abyss Black,Gray,NACS (J3400) DC fast charge connector,120 month/100000 miles,7YAKN4DA8SY014973,2025,84 kWh,https://ev.com/vehicle/neagzm,2025HyundaiIONIQ 5SEL,"$33,250"
Hyundai,318 mi,20 minutes,2 mi,225 HP,Up to 5,Ecotronic Gray Matte,Gray,NACS (J3400) DC fast charge connector,120 month/100000 miles,7YAKN4DA4SY014534,2025,84 kWh,https://ev.com/vehicle/8vmi5x,2025HyundaiIONIQ 5SEL,"$33,750"
Hyundai,318 mi,20 minutes,2 mi,225 HP,Up to 5,Atlas White,Black,NACS (J3400) DC fast charge connector,120 month/100000 miles,7YAKN4DA9SY016036,2025,84 kWh,https://ev.com/vehicle/8wngo9,2025HyundaiIONIQ 5SEL,"$33,070"
Hyundai,318 mi,20 minutes,2 mi,225 HP,Up to 5,Atlas White,Gray,NACS (J3400) DC fast charge connector,120 month/100000 miles,7YAKN4DAXSY016367,2025,84 kWh,https://ev.com/vehicle/w83xut,2025HyundaiIONIQ 5SEL,"$33,070"
Hyundai,318 mi,20 minutes,N/A,225 HP,Up to 5,Atlas White,Black,NACS (J3400) DC fast charge connector,120 month/100000 miles,7YAKR4DA4SY001500,2025,84 kWh,https://ev.com/vehicle/0f1ky2,2025HyundaiIONIQ 5Limited,"$37,920"
Hyundai,318 mi,20 minutes,21 mi,225 HP,Up to 5,Cyber Gray,Black,NACS (J3400) DC fast charge connector,120 month/100000 miles,7YAKN4DA5SY005907,2025,84 kWh,https://ev.com/vehicle/exs8uj,2025HyundaiIONIQ 5SEL,"$33,805"
Hyundai,260 mi,18 minutes,10 mi,320 HP,Up to 5,Abyss Black,Black,SAE CCS DC fast charge connector,120 month/100000 miles,KM8KRDDF9RU307253,2024,77.4 kWh,https://ev.com/vehicle/fn746a,2024HyundaiIONIQ 5Limited,"$50,210"
Hyundai,303 mi,18 minutes,199 mi,225 HP,Up to 5,Cyber Gray,Gray,SAE CCS DC fast charge connector,120 month/100000 miles,KM8KM4DE6RU307748,2024,77.4 kWh,https://ev.com/vehicle/2nyygr,2024HyundaiIONIQ 5SE,"$36,785"
Hyundai,303 mi,18 minutes,10 mi,225 HP,Up to 5,Atlas White,Black,SAE CCS DC fast charge connector,120 month/100000 miles,KM8KR4DE5RU331590,2024,77.4 kWh,https://ev.com/vehicle/fdecch,2024HyundaiIONIQ 5Limited,"$46,740"
Hyundai,318 mi,20 minutes,10 mi,225 HP,Up to 5,Atlas White,Gray,NACS (J3400) DC fast charge connector,120 month/100000 miles,7YAKM4DA6SY004588,2025,84 kWh,https://ev.com/vehicle/0tccqh,2025HyundaiIONIQ 5SE,"$31,640"
Hyundai,318 mi,20 minutes,10 mi,225 HP,Up to 5,Cyber Gray,Black,NACS (J3400) DC fast charge connector,120 month/100000 miles,7YAKM4DA3SY007268,2025,84 kWh,https://ev.com/vehicle/v0d886,2025HyundaiIONIQ 5SE,"$30,630"
Hyundai,318 mi,20 minutes,199 mi,225 HP,Up to 5,Atlas White,Dark Green,NACS (J3400) DC fast charge connector,120 month/100000 miles,7YAKR4DA4SY005630,2025,84 kWh,https://ev.com/vehicle/bvxyfo,2025HyundaiIONIQ 5Limited,"$44,015"
Hyundai,318 mi,20 minutes,10 mi,225 HP,Up to 5,Atlas White,Black,NACS (J3400) DC fast charge connector,120 month/100000 miles,7YAKM4DA3SY001633,2025,84 kWh,https://ev.com/vehicle/vdyo0s,2025HyundaiIONIQ 5SE,"$30,190"
Hyundai,318 mi,20 minutes,10 mi,225 HP,Up to 5,Atlas White,Black,NACS (J3400) DC fast charge connector,120 month/100000 miles,7YAKM4DA6SY013646,2025,84 kWh,https://ev.com/vehicle/j1hat2,2025HyundaiIONIQ 5SE,"$30,120"
Hyundai,318 mi,20 minutes,10 mi,225 HP,Up to 5,Atlas White,Gray,NACS (J3400) DC fast charge connector,120 month/100000 miles,7YAKN4DA5SY001551,2025,84 kWh,https://ev.com/vehicle/azp8qj,2025HyundaiIONIQ 5SEL,"$33,205"
Hyundai,318 mi,20 minutes,10 mi,225 HP,Up to 5,Atlas White,Black,NACS (J3400) DC fast charge connector,120 month/100000 miles,7YAKN4DA1SY014457,2025,84 kWh,https://ev.com/vehicle/vto6s6,2025HyundaiIONIQ 5SEL,"$34,635"
Hyundai,318 mi,20 minutes,1 mi,225 HP,Up to 5,Ecotronic Gray Matte,Gray,NACS (J3400) DC fast charge connector,120 month/100000 miles,7YAKN4DA2SY014497,2025,84 kWh,https://ev.com/vehicle/cug5cp,2025HyundaiIONIQ 5SEL,"$26,570"
Hyundai,259 mi,20 minutes,10 mi,320 HP,Up to 5,Abyss Black,Black,NACS (J3400) DC fast charge connector,120 month/100000 miles,7YAKPDDC0SY012727,2025,84 kWh,https://ev.com/vehicle/3fd4oh,2025HyundaiIONIQ 5XRT,"$39,040"
Hyundai,259 mi,20 minutes,10 mi,320 HP,Up to 5,Ecotronic Gray Matte,Black,NACS (J3400) DC fast charge connector,120 month/100000 miles,7YAKPDDC6SY014062,2025,84 kWh,https://ev.com/vehicle/07f8gj,2025HyundaiIONIQ 5XRT,"$40,040"
Hyundai,318 mi,20 minutes,10 mi,225 HP,Up to 5,Digital Teal,Black,NACS (J3400) DC fast charge connector,120 month/100000 miles,7YAKM4DA9SY015603,2025,84 kWh,https://ev.com/vehicle/949mfp,2025HyundaiIONIQ 5SE,"$30,120"
Hyundai,318 mi,20 minutes,10 mi,225 HP,Up to 5,Atlas White,Gray,NACS (J3400) DC fast charge connector,120 month/100000 miles,7YAKN4DA6SY014647,2025,84 kWh,https://ev.com/vehicle/nqn5eo,2025HyundaiIONIQ 5SEL,"$33,070"
Hyundai,259 mi,20 minutes,10 mi,320 HP,Up to 5,Atlas White,Black,NACS (J3400) DC fast charge connector,120 month/100000 miles,7YAKPDDC4SY009930,2025,84 kWh,https://ev.com/vehicle/0b7fzy,2025HyundaiIONIQ 5XRT,"$39,040"
Hyundai,259 mi,20 minutes,10 mi,320 HP,Up to 5,Ecotronic Gray Matte,Black,NACS (J3400) DC fast charge connector,120 month/100000 miles,7YAKPDDC6SY010741,2025,84 kWh,https://ev.com/vehicle/hyxnmx,2025HyundaiIONIQ 5XRT,"$40,040"
Hyundai,318 mi,20 minutes,10 mi,225 HP,Up to 5,Abyss Black,Gray,NACS (J3400) DC fast charge connector,120 month/100000 miles,7YAKN4DA2SY017139,2025,84 kWh,https://ev.com/vehicle/ymyht9,2025HyundaiIONIQ 5SEL,"$34,755"
Hyundai,318 mi,20 minutes,10 mi,225 HP,Up to 5,Cyber Gray,Black,NACS (J3400) DC fast charge connector,120 month/100000 miles,7YAKN4DAXSY014599,2025,84 kWh,https://ev.com/vehicle/nndcvx,2025HyundaiIONIQ 5SEL,"$35,370"
Hyundai,259 mi,20 minutes,10 mi,320 HP,Up to 5,Cyber Gray,Black,NACS (J3400) DC fast charge connector,120 month/100000 miles,7YAKPDDC4SY012262,2025,84 kWh,https://ev.com/vehicle/oea0w3,2025HyundaiIONIQ 5XRT,"$39,540"
Hyundai,318 mi,20 minutes,10 mi,225 HP,Up to 5,Atlas White,Dark Green,NACS (J3400) DC fast charge connector,120 month/100000 miles,7YAKR4DA4SY019026,2025,84 kWh,https://ev.com/vehicle/cv1swm,2025HyundaiIONIQ 5Limited,"$38,110"
Hyundai,318 mi,20 minutes,10 mi,225 HP,Up to 5,Abyss Black,Dark Green,NACS (J3400) DC fast charge connector,120 month/100000 miles,7YAKR4DA7SY003645,2025,84 kWh,https://ev.com/vehicle/jlxjsa,2025HyundaiIONIQ 5Limited,"$39,210"
Hyundai,318 mi,20 minutes,10 mi,225 HP,Up to 5,Cyber Gray,Dark Green,NACS (J3400) DC fast charge connector,120 month/100000 miles,7YAKR4DA8SY008448,2025,84 kWh,https://ev.com/vehicle/w0rlbh,2025HyundaiIONIQ 5Limited,"$39,710"
Hyundai,318 mi,20 minutes,3 mi,225 HP,Up to 5,Atlas White,Black,NACS (J3400) DC fast charge connector,120 month/100000 miles,7YAKN4DA8SY010566,2025,84 kWh,https://ev.com/vehicle/1a6z1n,2025HyundaiIONIQ 5SEL,"$25,645"
Hyundai,318 mi,20 minutes,6 mi,225 HP,Up to 5,Atlas White Matte,Gray,NACS (J3400) DC fast charge connector,120 month/100000 miles,7YAKN4DA1SY013972,2025,84 kWh,https://ev.com/vehicle/kvqs1k,2025HyundaiIONIQ 5SEL,"$26,805"
Hyundai,245 mi,20 minutes,1 mi,168 HP,Up to 5,Lucid Blue,Gray,NACS (J3400) DC fast charge connector,120 month/100000 miles,7YAKM4DB0SY014042,2025,63 kWh,https://ev.com/vehicle/5gn0bm,2025HyundaiIONIQ 5SE Standard Range,"$18,570"
Hyundai,318 mi,20 minutes,5 mi,225 HP,Up to 5,Cyber Gray,Black,NACS (J3400) DC fast charge connector,120 month/100000 miles,7YAKN4DA3SY014167,2025,84 kWh,https://ev.com/vehicle/ac5yab,2025HyundaiIONIQ 5SEL,"$26,145"
Hyundai,318 mi,20 minutes,6 mi,225 HP,Up to 5,Atlas White,Black,NACS (J3400) DC fast charge connector,120 month/100000 miles,7YAKN4DA9SY005411,2025,84 kWh,https://ev.com/vehicle/gtztn5,2025HyundaiIONIQ 5SEL,"$25,515"
Hyundai,260 mi,18 minutes,1 mi,320 HP,Up to 5,Gravity Gold Matte,Mud Gray/Terra Brown,SAE CCS DC fast charge connector,120 month/100000 miles,KM8KRDDF2RU276217,2024,77.4 kWh,https://ev.com/vehicle/z4v3mu,2024HyundaiIONIQ 5Disney100 Platinum Edition,"$43,105"
Hyundai,260 mi,18 minutes,1 mi,320 HP,Up to 5,Gravity Gold Matte,Mud Gray/Terra Brown,SAE CCS DC fast charge connector,120 month/100000 miles,KM8KRDDF3RU276761,2024,77.4 kWh,https://ev.com/vehicle/mcvi2z,2024HyundaiIONIQ 5Disney100 Platinum Edition,"$43,105"
Hyundai,260 mi,18 minutes,1 mi,320 HP,Up to 5,Gravity Gold Matte,Mud Gray/Terra Brown,SAE CCS DC fast charge connector,120 month/100000 miles,KM8KRDDF6RU276236,2024,77.4 kWh,https://ev.com/vehicle/ffagfs,2024HyundaiIONIQ 5Disney100 Platinum Edition,"$43,005"
Hyundai,260 mi,18 minutes,1 mi,320 HP,Up to 5,Gravity Gold Matte,Mud Gray/Terra Brown,SAE CCS DC fast charge connector,120 month/100000 miles,KM8KRDDF8RU274911,2024,77.4 kWh,https://ev.com/vehicle/6lcu3l,2024HyundaiIONIQ 5Disney100 Platinum Edition,"$43,035"
Hyundai,318 mi,20 minutes,1 mi,225 HP,Up to 5,Cyber Gray,Gray,NACS (J3400) DC fast charge connector,120 month/100000 miles,7YAKN4DA2SY007081,2025,84 kWh,https://ev.com/vehicle/rfhh5v,2025HyundaiIONIQ 5SEL,"$26,080"
Hyundai,318 mi,20 minutes,1 mi,225 HP,Up to 5,Cyber Gray,Gray,NACS (J3400) DC fast charge connector,120 month/100000 miles,7YAKN4DA3SY008921,2025,84 kWh,https://ev.com/vehicle/0io84g,2025HyundaiIONIQ 5SEL,"$26,075"
Hyundai,318 mi,20 minutes,175 mi,225 HP,Up to 5,Cyber Gray,Black,NACS (J3400) DC fast charge connector,120 month/100000 miles,7YAKN4DA7SY005326,2025,84 kWh,https://ev.com/vehicle/n5p9qx,2025HyundaiIONIQ 5SEL,"$27,699"
Hyundai,318 mi,20 minutes,1 mi,225 HP,Up to 5,Lucid Blue,Black,NACS (J3400) DC fast charge connector,120 month/100000 miles,7YAKM4DA1SY010976,2025,84 kWh,https://ev.com/vehicle/q1p9ra,2025HyundaiIONIQ 5SE,"$22,690"
Hyundai,318 mi,20 minutes,1 mi,225 HP,Up to 5,Abyss Black,Gray,NACS (J3400) DC fast charge connector,120 month/100000 miles,7YAKN4DA2SY000986,2025,84 kWh,https://ev.com/vehicle/b9buag,2025HyundaiIONIQ 5SEL,"$25,600"
Hyundai,318 mi,20 minutes,1 mi,225 HP,Up to 5,Lucid Blue,Gray,NACS (J3400) DC fast charge connector,120 month/100000 miles,7YAKN4DA8SY007778,2025,84 kWh,https://ev.com/vehicle/29vsjn,2025HyundaiIONIQ 5SEL,"$25,515"
Hyundai,318 mi,20 minutes,1 mi,225 HP,Up to 5,Atlas White,Gray,NACS (J3400) DC fast charge connector,120 month/100000 miles,7YAKN4DA3SY011415,2025,84 kWh,https://ev.com/vehicle/vlzz90,2025HyundaiIONIQ 5SEL,"$25,645"
Hyundai,318 mi,20 minutes,11 mi,225 HP,Up to 5,Cyber Gray,Black,NACS (J3400) DC fast charge connector,120 month/100000 miles,7YAKM4DAXSY004464,2025,84 kWh,https://ev.com/vehicle/5m5qc4,2025HyundaiIONIQ 5SE,"$35,495"
Hyundai,318 mi,20 minutes,10 mi,225 HP,Up to 5,Atlas White Matte,Black,NACS (J3400) DC fast charge connector,120 month/100000 miles,7YAKN4DA1SY008528,2025,84 kWh,https://ev.com/vehicle/032x52,2025HyundaiIONIQ 5SEL,"$39,020"
Hyundai,318 mi,20 minutes,14 mi,225 HP,Up to 5,Digital Teal,Black,NACS (J3400) DC fast charge connector,120 month/100000 miles,7YAKN4DA5SY002599,2025,84 kWh,https://ev.com/vehicle/9rzqkh,2025HyundaiIONIQ 5SEL,"$39,530"
Hyundai,318 mi,20 minutes,10 mi,225 HP,Up to 5,Ecotronic Gray Matte,Gray,NACS (J3400) DC fast charge connector,120 month/100000 miles,7YAKN4DA0SY008052,2025,84 kWh,https://ev.com/vehicle/uf82tx,2025HyundaiIONIQ 5SEL,"$38,975"
Hyundai,318 mi,20 minutes,10 mi,225 HP,Up to 5,Ecotronic Gray Matte,Black,NACS (J3400) DC fast charge connector,120 month/100000 miles,7YAKN4DAXSY011637,2025,84 kWh,https://ev.com/vehicle/e12c18,2025HyundaiIONIQ 5SEL,"$40,770"
Hyundai,318 mi,20 minutes,1 mi,225 HP,Up to 5,Gray,Gray,NACS (J3400) DC fast charge connector,120 month/100000 miles,7YAKR4DA9SY002528,2025,84 kWh,https://ev.com/vehicle/14d4iu,2025HyundaiIONIQ 5Limited,"$29,615"
Hyundai,318 mi,20 minutes,12 mi,225 HP,Up to 5,Blue,Black,NACS (J3400) DC fast charge connector,120 month/100000 miles,7YAKM4DA1SY014851,2025,84 kWh,https://ev.com/vehicle/8zc1dz,2025HyundaiIONIQ 5SE,"$31,755"
Hyundai,318 mi,20 minutes,12 mi,225 HP,Up to 5,Black,Black,NACS (J3400) DC fast charge connector,120 month/100000 miles,7YAKN4DA6SY000909,2025,84 kWh,https://ev.com/vehicle/b0o6e6,2025HyundaiIONIQ 5SEL,"$34,975"
Hyundai,318 mi,20 minutes,12 mi,225 HP,Up to 5,Gray,Black,NACS (J3400) DC fast charge connector,120 month/100000 miles,7YAKN4DA6SY009447,2025,84 kWh,https://ev.com/vehicle/4cvyps,2025HyundaiIONIQ 5SEL,"$35,135"
Hyundai,318 mi,20 minutes,15 mi,225 HP,Up to 5,Green,Gray,NACS (J3400) DC fast charge connector,120 month/100000 miles,7YAKM4DA9SY009834,2025,84 kWh,https://ev.com/vehicle/7rrrsn,2025HyundaiIONIQ 5SE,"$31,755"
Hyundai,318 mi,20 minutes,15 mi,225 HP,Up to 5,White,Gray,NACS (J3400) DC fast charge connector,120 month/100000 miles,7YAKN4DA1SY005581,2025,84 kWh,https://ev.com/vehicle/eozngl,2025HyundaiIONIQ 5SEL,"$35,585"
Hyundai,318 mi,20 minutes,15 mi,225 HP,Up to 5,Green,Black,NACS (J3400) DC fast charge connector,120 month/100000 miles,7YAKM4DA8SY015737,2025,84 kWh,https://ev.com/vehicle/k0t2ri,2025HyundaiIONIQ 5SE,"$31,755"
Hyundai,221 mi,18 minutes,11 mi,601 HP,Up to 5,Black,Black,SAE CCS DC fast charge connector,120 month/100000 miles,KM8KNDA82SU007481,2025,84 kWh,https://ev.com/vehicle/pf4vsi,2025HyundaiIONIQ 5 N,"$49,665"
Hyundai,221 mi,18 minutes,13 mi,601 HP,Up to 5,White,Black,SAE CCS DC fast charge connector,120 month/100000 miles,KM8KNDA81SU007620,2025,84 kWh,https://ev.com/vehicle/obp114,2025HyundaiIONIQ 5 N,"$49,665"
Hyundai,221 mi,18 minutes,29 mi,601 HP,Up to 5,Blue,Black,SAE CCS DC fast charge connector,120 month/100000 miles,KM8KNDA85SU006471,2025,84 kWh,https://ev.com/vehicle/s8cf1r,2025HyundaiIONIQ 5 N,"$50,380"
Hyundai,221 mi,18 minutes,15 mi,601 HP,Up to 5,Gray,Black,SAE CCS DC fast charge connector,120 month/100000 miles,KM8KNDA88SU007534,2025,84 kWh,https://ev.com/vehicle/f9pnyu,2025HyundaiIONIQ 5 N,"$50,735"
Hyundai,221 mi,18 minutes,38 mi,601 HP,Up to 5,Black,Black,SAE CCS DC fast charge connector,120 month/100000 miles,KM8KNDA80SU005874,2025,84 kWh,https://ev.com/vehicle/488b7c,2025HyundaiIONIQ 5 N,"$51,300"
Hyundai,221 mi,18 minutes,12 mi,601 HP,Up to 5,Blue,Black,SAE CCS DC fast charge connector,120 month/100000 miles,KM8KNDA82SU007948,2025,84 kWh,https://ev.com/vehicle/2v7vnu,2025HyundaiIONIQ 5 N,"$50,665"
Hyundai,221 mi,18 minutes,16 mi,601 HP,Up to 5,Gray,Black,SAE CCS DC fast charge connector,120 month/100000 miles,KM8KNDA82SU008033,2025,84 kWh,https://ev.com/vehicle/1ngal6,2025HyundaiIONIQ 5 N,"$52,230"
Hyundai,221 mi,18 minutes,21 mi,601 HP,Up to 5,Blue,Black,SAE CCS DC fast charge connector,120 month/100000 miles,KM8KNDA87SU007959,2025,84 kWh,https://ev.com/vehicle/z95x0x,2025HyundaiIONIQ 5 N,"$50,885"
Hyundai,221 mi,18 minutes,13 mi,601 HP,Up to 5,Gray,Black,SAE CCS DC fast charge connector,120 month/100000 miles,KM8KNDA88SU008182,2025,84 kWh,https://ev.com/vehicle/p6pz0c,2025HyundaiIONIQ 5 N,"$52,425"
Hyundai,221 mi,18 minutes,17 mi,601 HP,Up to 5,Blue,Black,SAE CCS DC fast charge connector,120 month/100000 miles,KM8KNDA81SU007939,2025,84 kWh,https://ev.com/vehicle/x2dglm,2025HyundaiIONIQ 5 N,"$52,425"
Hyundai,221 mi,18 minutes,5 mi,601 HP,Up to 5,White,Black,SAE CCS DC fast charge connector,120 month/100000 miles,KM8KNDA80SU007446,2025,84 kWh,https://ev.com/vehicle/rl935n,2025HyundaiIONIQ 5 N,"$47,555"
Hyundai,221 mi,18 minutes,5 mi,601 HP,Up to 5,White,Black,SAE CCS DC fast charge connector,120 month/100000 miles,KM8KNDA80SU007625,2025,84 kWh,https://ev.com/vehicle/vhqhxx,2025HyundaiIONIQ 5 N,"$47,380"
Hyundai,221 mi,18 minutes,5 mi,601 HP,Up to 5,Blue,Black,SAE CCS DC fast charge connector,120 month/100000 miles,KM8KNDA83SU006968,2025,84 kWh,https://ev.com/vehicle/c0c12u,2025HyundaiIONIQ 5 N,"$48,380"
Hyundai,221 mi,18 minutes,5 mi,601 HP,Up to 5,Black,Black,SAE CCS DC fast charge connector,120 month/100000 miles,KM8KNDA84SU007482,2025,84 kWh,https://ev.com/vehicle/83ypz5,2025HyundaiIONIQ 5 N,"$47,885"
Hyundai,221 mi,18 minutes,5 mi,601 HP,Up to 5,Blue,Black,SAE CCS DC fast charge connector,120 month/100000 miles,KM8KNDA8XSU006661,2025,84 kWh,https://ev.com/vehicle/qqmlop,2025HyundaiIONIQ 5 N,"$48,535"
Hyundai,221 mi,18 minutes,10 mi,601 HP,Up to 5,Blue,Black,SAE CCS DC fast charge connector,120 month/100000 miles,KM8KNDA82SU007416,2025,84 kWh,https://ev.com/vehicle/wbuyz0,2025HyundaiIONIQ 5 N,"$50,750"
Hyundai,221 mi,18 minutes,10 mi,601 HP,Up to 5,Blue,Black,SAE CCS DC fast charge connector,120 month/100000 miles,KM8KNDA89SU007414,2025,84 kWh,https://ev.com/vehicle/ku4o29,2025HyundaiIONIQ 5 N,"$50,750"
Hyundai,221 mi,18 minutes,7 mi,601 HP,Up to 5,Black,Black,SAE CCS DC fast charge connector,120 month/100000 miles,KM8KNDA80SU007298,2025,84 kWh,https://ev.com/vehicle/oml0fg,2025HyundaiIONIQ 5 N,"$49,380"
Hyundai,221 mi,18 minutes,N/A,601 HP,Up to 5,Atlas White,Black,SAE CCS DC fast charge connector,120 month/100000 miles,KM8KNDA83SU007621,2025,84 kWh,https://ev.com/vehicle/vwuf9a,2025HyundaiIONIQ 5 N,"$49,385"
Hyundai,221 mi,18 minutes,1 mi,601 HP,Up to 5,Abyss Black Pearl,Black,SAE CCS DC fast charge connector,120 month/100000 miles,KM8KNDA8XSU004747,2025,84 kWh,https://ev.com/vehicle/pxelso,2025HyundaiIONIQ 5 N,"$47,665"
Hyundai,221 mi,18 minutes,1 mi,601 HP,Up to 5,Abyss Black Pearl,Black,SAE CCS DC fast charge connector,120 month/100000 miles,KM8KNDA84SU007479,2025,84 kWh,https://ev.com/vehicle/e8h88q,2025HyundaiIONIQ 5 N,"$49,665"
Hyundai,221 mi,18 minutes,1 mi,601 HP,Up to 5,Atlas White,Black,SAE CCS DC fast charge connector,120 month/100000 miles,KM8KNDA8XSU007163,2025,84 kWh,https://ev.com/vehicle/nowx3b,2025HyundaiIONIQ 5 N,"$49,935"
Hyundai,221 mi,18 minutes,15 mi,601 HP,Up to 5,Ecotronic Gray Matte,Black,SAE CCS DC fast charge connector,120 month/100000 miles,KM8KNDA88SU007601,2025,84 kWh,https://ev.com/vehicle/pwrzgf,2025HyundaiIONIQ 5 N,"$50,555"
Hyundai,221 mi,18 minutes,10 mi,601 HP,Up to 5,Abyss Black,Black,SAE CCS DC fast charge connector,120 month/100000 miles,KM8KNDA84SU004565,2025,84 kWh,https://ev.com/vehicle/1h8iwp,2025HyundaiIONIQ 5 N,"$49,665"
Hyundai,221 mi,18 minutes,10 mi,601 HP,Up to 5,Performance Blue Matte,Black,SAE CCS DC fast charge connector,120 month/100000 miles,KM8KNDA8XSU007406,2025,84 kWh,https://ev.com/vehicle/8jfwug,2025HyundaiIONIQ 5 N,"$50,555"
Hyundai,221 mi,18 minutes,10 mi,601 HP,Up to 5,Performance Blue Matte,Black,SAE CCS DC fast charge connector,120 month/100000 miles,KM8KNDA85SU007605,2025,84 kWh,https://ev.com/vehicle/wntjq0,2025HyundaiIONIQ 5 N,"$52,220"
Hyundai,221 mi,18 minutes,10 mi,601 HP,Up to 5,Atlas White,Black,SAE CCS DC fast charge connector,120 month/100000 miles,KM8KNDA89SU007980,2025,84 kWh,https://ev.com/vehicle/1ze3mh,2025HyundaiIONIQ 5 N,"$51,230"
Hyundai,221 mi,18 minutes,10 mi,601 HP,Up to 5,Ecotronic Gray Matte,Black,SAE CCS DC fast charge connector,120 month/100000 miles,KM8KNDA8XSU007907,2025,84 kWh,https://ev.com/vehicle/fphxua,2025HyundaiIONIQ 5 N,"$52,230"
Hyundai,221 mi,18 minutes,10 mi,601 HP,Up to 5,Atlas White,Black,SAE CCS DC fast charge connector,120 month/100000 miles,KM8KNDA80SU007558,2025,84 kWh,https://ev.com/vehicle/mquopd,2025HyundaiIONIQ 5 N,"$51,045"
Hyundai,221 mi,18 minutes,8 mi,601 HP,Up to 5,Performance Blue Matte,Black,SAE CCS DC fast charge connector,120 month/100000 miles,KM8KNDA83SU006954,2025,84 kWh,https://ev.com/vehicle/zwxhu7,2025HyundaiIONIQ 5 N,"$52,350"
Hyundai,221 mi,18 minutes,1 mi,601 HP,Up to 5,Atlas White,Black,SAE CCS DC fast charge connector,120 month/100000 miles,KM8KNDA84SU003304,2025,84 kWh,https://ev.com/vehicle/1209qx,2025HyundaiIONIQ 5 N,"$49,885"
Hyundai,221 mi,18 minutes,6 mi,601 HP,Up to 5,Abyss Black Pearl,Black,SAE CCS DC fast charge connector,120 month/100000 miles,KM8KNDA87SU004754,2025,84 kWh,https://ev.com/vehicle/lkxrsj,2025HyundaiIONIQ 5 N,"$49,665"
Hyundai,221 mi,18 minutes,9 mi,601 HP,Up to 5,Atlas White,Black,SAE CCS DC fast charge connector,120 month/100000 miles,KM8KNDA87SU007444,2025,84 kWh,https://ev.com/vehicle/vf5761,2025HyundaiIONIQ 5 N,"$49,615"
Hyundai,221 mi,18 minutes,1 mi,601 HP,Up to 5,Performance Blue Matte,Black,SAE CCS DC fast charge connector,120 month/100000 miles,KM8KNDA80SU007818,2025,84 kWh,https://ev.com/vehicle/jboruy,2025HyundaiIONIQ 5 N,"$52,420"
Hyundai,221 mi,18 minutes,1 mi,601 HP,Up to 5,Abyss Black Pearl,Black,SAE CCS DC fast charge connector,120 month/100000 miles,KM8KNDA81SU007570,2025,84 kWh,https://ev.com/vehicle/q0nvjy,2025HyundaiIONIQ 5 N,"$51,330"
Hyundai,221 mi,18 minutes,1 mi,601 HP,Up to 5,Performance Blue Matte,Black,SAE CCS DC fast charge connector,120 month/100000 miles,KM8KNDA88SU008134,2025,84 kWh,https://ev.com/vehicle/jy0zqz,2025HyundaiIONIQ 5 N,"$50,885"
Hyundai,221 mi,18 minutes,1 mi,601 HP,Up to 5,Abyss Black Pearl,Black,SAE CCS DC fast charge connector,120 month/100000 miles,KM8KNDA86SU008116,2025,84 kWh,https://ev.com/vehicle/q8gamd,2025HyundaiIONIQ 5 N,"$49,735"
Hyundai,221 mi,18 minutes,1 mi,601 HP,Up to 5,Atlas White,Black,SAE CCS DC fast charge connector,120 month/100000 miles,KM8KNDA85SU007989,2025,84 kWh,https://ev.com/vehicle/j95l30,2025HyundaiIONIQ 5 N,"$49,860"
Hyundai,221 mi,18 minutes,15 mi,601 HP,Up to 5,Blue,Black,SAE CCS DC fast charge connector,120 month/100000 miles,KM8KNDA82SU007500,2025,84 kWh,https://ev.com/vehicle/qj6gp0,2025HyundaiIONIQ 5 N,"$49,555"
Hyundai,221 mi,18 minutes,15 mi,601 HP,Up to 5,Gray,Black,SAE CCS DC fast charge connector,120 month/100000 miles,KM8KNDA84SU007529,2025,84 kWh,https://ev.com/vehicle/ikc6ew,2025HyundaiIONIQ 5 N,"$51,450"
Hyundai,305 mi,18 minutes,"6,848 mi",225 HP,Up to 5,Blue,Gray,SAE CCS DC fast charge connector,120 month/100000 miles,KMHM34AA3PA035106,2023,77.4 kWh,https://ev.com/vehicle/wljew1,2023HyundaiIONIQ 6SEL,"$21,160"
Hyundai,291 mi,18 minutes,18 mi,225 HP,Up to 5,Red,Black,SAE CCS DC fast charge connector,120 month/100000 miles,KMHM34AA1SA086080,2025,77.4 kWh,https://ev.com/vehicle/dekw4q,2025HyundaiIONIQ 6SEL,"$29,955"
Hyundai,291 mi,18 minutes,11 mi,225 HP,Up to 5,Red,Black,SAE CCS DC fast charge connector,120 month/100000 miles,KMHM34AA1SA085995,2025,77.4 kWh,https://ev.com/vehicle/c11ow8,2025HyundaiIONIQ 6SEL,"$30,015"
Hyundai,291 mi,18 minutes,12 mi,225 HP,Up to 5,Red,Black,SAE CCS DC fast charge connector,120 month/100000 miles,KMHM34AA9SA083153,2025,77.4 kWh,https://ev.com/vehicle/n5armp,2025HyundaiIONIQ 6SEL,"$29,790"
Hyundai,291 mi,18 minutes,10 mi,225 HP,Up to 5,Silver,Black,SAE CCS DC fast charge connector,120 month/100000 miles,KMHM34AA8SA085959,2025,77.4 kWh,https://ev.com/vehicle/zk56kx,2025HyundaiIONIQ 6SEL,"$29,495"
Hyundai,291 mi,18 minutes,14 mi,225 HP,Up to 5,Silver,Black,SAE CCS DC fast charge connector,120 month/100000 miles,KMHM34AAXSA085977,2025,77.4 kWh,https://ev.com/vehicle/ed3jbf,2025HyundaiIONIQ 6SEL,"$29,495"
Hyundai,291 mi,18 minutes,13 mi,225 HP,Up to 5,Silver,Dark Green/Gray,SAE CCS DC fast charge connector,120 month/100000 miles,KMHM34AA9SA083413,2025,77.4 kWh,https://ev.com/vehicle/pm2alg,2025HyundaiIONIQ 6SEL,"$29,320"
Hyundai,291 mi,18 minutes,21 mi,225 HP,Up to 5,Black,Gray,SAE CCS DC fast charge connector,120 month/100000 miles,KMHM34AA6SA090027,2025,77.4 kWh,https://ev.com/vehicle/4ti1il,2025HyundaiIONIQ 6SEL,"$29,770"
Hyundai,342 mi,18 minutes,15 mi,225 HP,Up to 5,White,Black,SAE CCS DC fast charge connector,120 month/100000 miles,KMHM24AA2SA091663,2025,77.4 kWh,https://ev.com/vehicle/od6pcl,2025HyundaiIONIQ 6SE,"$28,225"
Hyundai,342 mi,18 minutes,18 mi,225 HP,Up to 5,White,Black,SAE CCS DC fast charge connector,120 month/100000 miles,KMHM24AA3SA091655,2025,77.4 kWh,https://ev.com/vehicle/os3pks,2025HyundaiIONIQ 6SE,"$28,155"
Hyundai,291 mi,18 minutes,14 mi,225 HP,Up to 5,Black,Gray,SAE CCS DC fast charge connector,120 month/100000 miles,KMHM34AA7SA091297,2025,77.4 kWh,https://ev.com/vehicle/phh3q6,2025HyundaiIONIQ 6SEL,"$31,165"
Hyundai,291 mi,18 minutes,13 mi,225 HP,Up to 5,White,Gray,SAE CCS DC fast charge connector,120 month/100000 miles,KMHM34AA5SA092447,2025,77.4 kWh,https://ev.com/vehicle/22jtf0,2025HyundaiIONIQ 6SEL,"$31,210"
Hyundai,291 mi,18 minutes,10 mi,225 HP,Up to 5,Red,Black,SAE CCS DC fast charge connector,120 month/100000 miles,KMHM34AA8SA096573,2025,77.4 kWh,https://ev.com/vehicle/jhnfsy,2025HyundaiIONIQ 6SEL,"$31,085"
Hyundai,291 mi,18 minutes,12 mi,225 HP,Up to 5,White,Gray,SAE CCS DC fast charge connector,120 month/100000 miles,KMHM54AA0SA095959,2025,77.4 kWh,https://ev.com/vehicle/6vvqlm,2025HyundaiIONIQ 6Limited,"$36,570"
Hyundai,291 mi,18 minutes,12 mi,225 HP,Up to 5,Black,Gray,SAE CCS DC fast charge connector,120 month/100000 miles,KMHM34AA6SA091310,2025,77.4 kWh,https://ev.com/vehicle/i4pfog,2025HyundaiIONIQ 6SEL,"$30,640"
Hyundai,291 mi,18 minutes,12 mi,225 HP,Up to 5,White,Black,SAE CCS DC fast charge connector,120 month/100000 miles,KMHM54AA1SA095940,2025,77.4 kWh,https://ev.com/vehicle/9unkt4,2025HyundaiIONIQ 6Limited,"$36,645"
Hyundai,291 mi,18 minutes,10 mi,225 HP,Up to 5,Blue,Gray,SAE CCS DC fast charge connector,120 month/100000 miles,KMHM54AA6SA095772,2025,77.4 kWh,https://ev.com/vehicle/5afg96,2025HyundaiIONIQ 6Limited,"$36,070"
Hyundai,342 mi,18 minutes,11 mi,225 HP,Up to 5,Red,Black,SAE CCS DC fast charge connector,120 month/100000 miles,KMHM24AA7SA098558,2025,77.4 kWh,https://ev.com/vehicle/60p6ne,2025HyundaiIONIQ 6SE,"$28,465"
Hyundai,291 mi,18 minutes,13 mi,225 HP,Up to 5,Silver,Black,SAE CCS DC fast charge connector,120 month/100000 miles,KMHM34AA5SA096434,2025,77.4 kWh,https://ev.com/vehicle/ibnnkc,2025HyundaiIONIQ 6SEL,"$30,730"
Hyundai,291 mi,18 minutes,11 mi,225 HP,Up to 5,Silver,Black,SAE CCS DC fast charge connector,120 month/100000 miles,KMHM54AAXSA098206,2025,77.4 kWh,https://ev.com/vehicle/efwtov,2025HyundaiIONIQ 6Limited,"$36,235"
Hyundai,291 mi,18 minutes,12 mi,225 HP,Up to 5,Red,Black,SAE CCS DC fast charge connector,120 month/100000 miles,KMHM34AA8SA091793,2025,77.4 kWh,https://ev.com/vehicle/65edvw,2025HyundaiIONIQ 6SEL,"$31,085"
Hyundai,342 mi,18 minutes,5 mi,225 HP,Up to 5,White,Black,SAE CCS DC fast charge connector,120 month/100000 miles,KMHM24AA4SA083788,2025,77.4 kWh,https://ev.com/vehicle/l4cy79,2025HyundaiIONIQ 6SE,"$27,715"
Hyundai,342 mi,18 minutes,5 mi,225 HP,Up to 5,Red,Black,SAE CCS DC fast charge connector,120 month/100000 miles,KMHM24AA8SA083695,2025,77.4 kWh,https://ev.com/vehicle/hl9erw,2025HyundaiIONIQ 6SE,"$29,940"
Hyundai,291 mi,18 minutes,5 mi,225 HP,Up to 5,Red,Black,SAE CCS DC fast charge connector,120 month/100000 miles,KMHM34AA0SA086068,2025,77.4 kWh,https://ev.com/vehicle/7hs6ji,2025HyundaiIONIQ 6SEL,"$30,500"
Hyundai,291 mi,18 minutes,15 mi,225 HP,Up to 5,Red,Black,SAE CCS DC fast charge connector,120 month/100000 miles,KMHM34AA1SA091800,2025,77.4 kWh,https://ev.com/vehicle/8xp5lx,2025HyundaiIONIQ 6SEL,"$30,670"
Hyundai,291 mi,18 minutes,5 mi,225 HP,Up to 5,Red,Black,SAE CCS DC fast charge connector,120 month/100000 miles,KMHM34AA2SA083138,2025,77.4 kWh,https://ev.com/vehicle/o0lrdd,2025HyundaiIONIQ 6SEL,"$30,260"
Hyundai,291 mi,18 minutes,5 mi,225 HP,Up to 5,Black,Gray,SAE CCS DC fast charge connector,120 month/100000 miles,KMHM34AA4SA082721,2025,77.4 kWh,https://ev.com/vehicle/1n6eey,2025HyundaiIONIQ 6SEL,"$29,790"
Hyundai,291 mi,18 minutes,5 mi,225 HP,Up to 5,White,Gray,SAE CCS DC fast charge connector,120 month/100000 miles,KMHM34AA4SA092620,2025,77.4 kWh,https://ev.com/vehicle/w4zi3v,2025HyundaiIONIQ 6SEL,"$30,605"
Hyundai,291 mi,18 minutes,15 mi,225 HP,Up to 5,Red,Black,SAE CCS DC fast charge connector,120 month/100000 miles,KMHM34AA5SA083330,2025,77.4 kWh,https://ev.com/vehicle/lx74i6,2025HyundaiIONIQ 6SEL,"$30,260"
Hyundai,291 mi,18 minutes,5 mi,225 HP,Up to 5,Red,Black,SAE CCS DC fast charge connector,120 month/100000 miles,KMHM34AA6SA088603,2025,77.4 kWh,https://ev.com/vehicle/0p8v8k,2025HyundaiIONIQ 6SEL,"$30,670"
Hyundai,291 mi,18 minutes,5 mi,225 HP,Up to 5,Red,Black,SAE CCS DC fast charge connector,120 month/100000 miles,KMHM34AA7SA083331,2025,77.4 kWh,https://ev.com/vehicle/ybv5ao,2025HyundaiIONIQ 6SEL,"$30,260"
Hyundai,291 mi,18 minutes,15 mi,225 HP,Up to 5,Silver,Dark Green/Gray,SAE CCS DC fast charge connector,120 month/100000 miles,KMHM34AA7SA086116,2025,77.4 kWh,https://ev.com/vehicle/ob4p1j,2025HyundaiIONIQ 6SEL,"$29,970"
Hyundai,291 mi,18 minutes,5 mi,225 HP,Up to 5,Silver,Dark Green/Gray,SAE CCS DC fast charge connector,120 month/100000 miles,KMHM34AA9SA085940,2025,77.4 kWh,https://ev.com/vehicle/yqgxcs,2025HyundaiIONIQ 6SEL,"$29,995"
Hyundai,291 mi,18 minutes,5 mi,225 HP,Up to 5,White,Black,SAE CCS DC fast charge connector,120 month/100000 miles,KMHM34AA9SA091883,2025,77.4 kWh,https://ev.com/vehicle/75t2j7,2025HyundaiIONIQ 6SEL,"$30,605"
Hyundai,291 mi,18 minutes,5 mi,225 HP,Up to 5,Silver,Dark Green/Gray,SAE CCS DC fast charge connector,120 month/100000 miles,KMHM54AA1SA094030,2025,77.4 kWh,https://ev.com/vehicle/4drgy7,2025HyundaiIONIQ 6Limited,"$36,570"
Hyundai,291 mi,18 minutes,15 mi,225 HP,Up to 5,White,Gray,SAE CCS DC fast charge connector,120 month/100000 miles,KMHM54AA4SA098475,2025,77.4 kWh,https://ev.com/vehicle/ofakcc,2025HyundaiIONIQ 6Limited,"$36,920"
Hyundai,291 mi,18 minutes,5 mi,225 HP,Up to 5,White,Gray,SAE CCS DC fast charge connector,120 month/100000 miles,KMHM54AA5SA094001,2025,77.4 kWh,https://ev.com/vehicle/umved9,2025HyundaiIONIQ 6Limited,"$36,990"
Hyundai,291 mi,18 minutes,5 mi,225 HP,Up to 5,White,Gray,SAE CCS DC fast charge connector,120 month/100000 miles,KMHM54AA1SA095890,2025,77.4 kWh,https://ev.com/vehicle/0pn2l6,2025HyundaiIONIQ 6Limited,"$37,070"
Hyundai,291 mi,18 minutes,5 mi,225 HP,Up to 5,White,Gray,SAE CCS DC fast charge connector,120 month/100000 miles,KMHM54AA0SA094004,2025,77.4 kWh,https://ev.com/vehicle/pxs4ch,2025HyundaiIONIQ 6Limited,"$37,185"
Hyundai,291 mi,18 minutes,5 mi,225 HP,Up to 5,Gold,Gray,SAE CCS DC fast charge connector,120 month/100000 miles,KMHM54AA5SA094113,2025,77.4 kWh,https://ev.com/vehicle/z7pq1t,2025HyundaiIONIQ 6Limited,"$37,650"
Hyundai,291 mi,18 minutes,5 mi,225 HP,Up to 5,White,Black,SAE CCS DC fast charge connector,120 month/100000 miles,KMHM54AA4SA098248,2025,77.4 kWh,https://ev.com/vehicle/sv414x,2025HyundaiIONIQ 6Limited,"$37,190"
Hyundai,291 mi,18 minutes,5 mi,225 HP,Up to 5,Black,Black,SAE CCS DC fast charge connector,120 month/100000 miles,KMHM34AA9SA098302,2025,77.4 kWh,https://ev.com/vehicle/bg7f23,2025HyundaiIONIQ 6SEL,"$31,265"
Hyundai,291 mi,18 minutes,5 mi,225 HP,Up to 5,White,Gray,SAE CCS DC fast charge connector,120 month/100000 miles,KMHM34AA7SA096824,2025,77.4 kWh,https://ev.com/vehicle/gbbiue,2025HyundaiIONIQ 6SEL,"$31,765"
Hyundai,291 mi,18 minutes,5 mi,225 HP,Up to 5,White,Black,SAE CCS DC fast charge connector,120 month/100000 miles,KMHM54AA7SA098258,2025,77.4 kWh,https://ev.com/vehicle/0l9qmc,2025HyundaiIONIQ 6Limited,"$37,195"
Hyundai,291 mi,18 minutes,5 mi,225 HP,Up to 5,White,Black,SAE CCS DC fast charge connector,120 month/100000 miles,KMHM34AA3SA098019,2025,77.4 kWh,https://ev.com/vehicle/7il4ar,2025HyundaiIONIQ 6SEL,"$31,765"
Hyundai,291 mi,18 minutes,5 mi,225 HP,Up to 5,Silver,Dark Green/Gray,SAE CCS DC fast charge connector,120 month/100000 miles,KMHM54AA5SA088845,2025,77.4 kWh,https://ev.com/vehicle/8a5q3q,2025HyundaiIONIQ 6Limited,"$35,790"
Hyundai,342 mi,18 minutes,5 mi,225 HP,Up to 5,Blue,Black,SAE CCS DC fast charge connector,120 month/100000 miles,KMHM24AA1SA099916,2025,77.4 kWh,https://ev.com/vehicle/tbe10x,2025HyundaiIONIQ 6SE,"$28,175"
Hyundai,291 mi,18 minutes,5 mi,225 HP,Up to 5,Blue,Gray,SAE CCS DC fast charge connector,120 month/100000 miles,KMHM54AA0SA091958,2025,77.4 kWh,https://ev.com/vehicle/hq0v2l,2025HyundaiIONIQ 6Limited,"$35,715"
Hyundai,291 mi,18 minutes,5 mi,225 HP,Up to 5,Black,Gray,SAE CCS DC fast charge connector,120 month/100000 miles,KMHM34AAXSA096218,2025,77.4 kWh,https://ev.com/vehicle/3z4d2c,2025HyundaiIONIQ 6SEL,"$31,195"
Hyundai,291 mi,18 minutes,6 mi,225 HP,Up to 5,Red,Black,SAE CCS DC fast charge connector,120 month/100000 miles,KMHM34AA0SA083154,2025,77.4 kWh,https://ev.com/vehicle/g73wbu,2025HyundaiIONIQ 6SEL,"$27,720"
Hyundai,291 mi,18 minutes,6 mi,225 HP,Up to 5,White,Black,SAE CCS DC fast charge connector,120 month/100000 miles,KMHM34AA1SA085916,2025,77.4 kWh,https://ev.com/vehicle/n5qc0c,2025HyundaiIONIQ 6SEL,"$27,920"
Hyundai,291 mi,18 minutes,5 mi,225 HP,Up to 5,White,Black,SAE CCS DC fast charge connector,120 month/100000 miles,KMHM34AA3SA085853,2025,77.4 kWh,https://ev.com/vehicle/pkb242,2025HyundaiIONIQ 6SEL,"$27,920"
Hyundai,291 mi,18 minutes,6 mi,225 HP,Up to 5,White,Gray,SAE CCS DC fast charge connector,120 month/100000 miles,KMHM34AA5SA085904,2025,77.4 kWh,https://ev.com/vehicle/7ujlgc,2025HyundaiIONIQ 6SEL,"$27,920"
Hyundai,270 mi,18 minutes,7 mi,320 HP,Up to 5,White,Gray,SAE CCS DC fast charge connector,120 month/100000 miles,KMHM34AC1SA083052,2025,77.4 kWh,https://ev.com/vehicle/speq8c,2025HyundaiIONIQ 6SEL,"$31,275"
Hyundai,270 mi,18 minutes,8 mi,320 HP,Up to 5,Silver,Black,SAE CCS DC fast charge connector,120 month/100000 miles,KMHM34AC3SA085823,2025,77.4 kWh,https://ev.com/vehicle/lau7sr,2025HyundaiIONIQ 6SEL,"$31,090"
Hyundai,291 mi,18 minutes,4 mi,225 HP,Up to 5,White,Gray,SAE CCS DC fast charge connector,120 month/100000 miles,KMHM54AA2SA086339,2025,77.4 kWh,https://ev.com/vehicle/lk6kgt,2025HyundaiIONIQ 6Limited,"$33,540"
Hyundai,291 mi,18 minutes,8 mi,225 HP,Up to 5,White,Black,SAE CCS DC fast charge connector,120 month/100000 miles,KMHM34AAXSA084022,2025,77.4 kWh,https://ev.com/vehicle/03p23p,2025HyundaiIONIQ 6SEL,"$27,745"
Hyundai,291 mi,18 minutes,6 mi,225 HP,Up to 5,Red,Black,SAE CCS DC fast charge connector,120 month/100000 miles,KMHM34AAXSA085994,2025,77.4 kWh,https://ev.com/vehicle/d9bsru,2025HyundaiIONIQ 6SEL,"$27,690"
Hyundai,240 mi,18 minutes,10 mi,149 HP,Up to 5,Red,Black,SAE CCS DC fast charge connector,120 month/100000 miles,KMHM14AB6SA085599,2025,53 kWh,https://ev.com/vehicle/9acjml,2025HyundaiIONIQ 6SE Standard Range,"$19,695"
Hyundai,291 mi,18 minutes,10 mi,225 HP,Up to 5,White,Gray,SAE CCS DC fast charge connector,120 month/100000 miles,KMHM34AA1SA083258,2025,77.4 kWh,https://ev.com/vehicle/vjhbts,2025HyundaiIONIQ 6SEL,"$27,375"
Hyundai,291 mi,18 minutes,10 mi,225 HP,Up to 5,White,Gray,SAE CCS DC fast charge connector,120 month/100000 miles,KMHM34AA6SA082901,2025,77.4 kWh,https://ev.com/vehicle/e9vobo,2025HyundaiIONIQ 6SEL,"$28,375"
Hyundai,291 mi,18 minutes,10 mi,225 HP,Up to 5,White,Gray,SAE CCS DC fast charge connector,120 month/100000 miles,KMHM54AA1SA085697,2025,77.4 kWh,https://ev.com/vehicle/w0ym29,2025HyundaiIONIQ 6Limited,"$33,105"
Hyundai,291 mi,18 minutes,10 mi,225 HP,Up to 5,White,Black,SAE CCS DC fast charge connector,120 month/100000 miles,KMHM54AA5SA085668,2025,77.4 kWh,https://ev.com/vehicle/pai1kr,2025HyundaiIONIQ 6Limited,"$33,105"
Hyundai,291 mi,18 minutes,10 mi,225 HP,Up to 5,White,Gray,SAE CCS DC fast charge connector,120 month/100000 miles,KMHM34AA0SA086507,2025,77.4 kWh,https://ev.com/vehicle/vzwmnx,2025HyundaiIONIQ 6SEL,"$28,065"
Hyundai,291 mi,18 minutes,10 mi,225 HP,Up to 5,White,Black,SAE CCS DC fast charge connector,120 month/100000 miles,KMHM54AA6SA088191,2025,77.4 kWh,https://ev.com/vehicle/ru35vo,2025HyundaiIONIQ 6Limited,"$33,285"
Hyundai,291 mi,18 minutes,6 mi,225 HP,Up to 5,White,Gray,SAE CCS DC fast charge connector,120 month/100000 miles,KMHM34AA0SA088175,2025,77.4 kWh,https://ev.com/vehicle/y01644,2025HyundaiIONIQ 6SEL,"$28,160"
Hyundai,291 mi,18 minutes,10 mi,225 HP,Up to 5,Red,Black,SAE CCS DC fast charge connector,120 month/100000 miles,KMHM34AA1SA088797,2025,77.4 kWh,https://ev.com/vehicle/4vf9w5,2025HyundaiIONIQ 6SEL,"$27,825"
Hyundai,291 mi,18 minutes,10 mi,225 HP,Up to 5,Red,Black,SAE CCS DC fast charge connector,120 month/100000 miles,KMHM34AA5SA090939,2025,77.4 kWh,https://ev.com/vehicle/b3inpp,2025HyundaiIONIQ 6SEL,"$29,250"
Hyundai,291 mi,18 minutes,10 mi,225 HP,Up to 5,Blue,Gray,SAE CCS DC fast charge connector,120 month/100000 miles,KMHM34AA3SA091779,2025,77.4 kWh,https://ev.com/vehicle/6j3ewx,2025HyundaiIONIQ 6SEL,"$28,765"
Hyundai,291 mi,18 minutes,10 mi,225 HP,Up to 5,Silver,Black,SAE CCS DC fast charge connector,120 month/100000 miles,KMHM34AA4SA091127,2025,77.4 kWh,https://ev.com/vehicle/q18qc2,2025HyundaiIONIQ 6SEL,"$28,765"
Hyundai,291 mi,18 minutes,6 mi,225 HP,Up to 5,Black,Gray,SAE CCS DC fast charge connector,120 month/100000 miles,KMHM34AA4SA091323,2025,77.4 kWh,https://ev.com/vehicle/1kl3t1,2025HyundaiIONIQ 6SEL,"$28,705"
Hyundai,291 mi,18 minutes,6 mi,225 HP,Up to 5,Blue,Gray,SAE CCS DC fast charge connector,120 month/100000 miles,KMHM34AA6SA091243,2025,77.4 kWh,https://ev.com/vehicle/h633c3,2025HyundaiIONIQ 6SEL,"$28,705"
Hyundai,291 mi,18 minutes,10 mi,225 HP,Up to 5,Silver,Black,SAE CCS DC fast charge connector,120 month/100000 miles,KMHM34AA7SA091834,2025,77.4 kWh,https://ev.com/vehicle/1v9ucd,2025HyundaiIONIQ 6SEL,"$28,765"
Hyundai,291 mi,18 minutes,10 mi,225 HP,Up to 5,Silver,Black,SAE CCS DC fast charge connector,120 month/100000 miles,KMHM34AA9SA092032,2025,77.4 kWh,https://ev.com/vehicle/0qcepl,2025HyundaiIONIQ 6SEL,"$28,765"
Hyundai,291 mi,18 minutes,6 mi,225 HP,Up to 5,Black,Gray,SAE CCS DC fast charge connector,120 month/100000 miles,KMHM34AAXSA091326,2025,77.4 kWh,https://ev.com/vehicle/6vyjy8,2025HyundaiIONIQ 6SEL,"$28,765"
Hyundai,291 mi,18 minutes,6 mi,225 HP,Up to 5,Silver,Dark Green/Gray,SAE CCS DC fast charge connector,120 month/100000 miles,KMHM54AA9SA091991,2025,77.4 kWh,https://ev.com/vehicle/x6p7ao,2025HyundaiIONIQ 6Limited,"$33,125"
Rivian,321 mi,41 minutes,"14,951 mi",835 HP,Up to 7,Midnight,Black Mountain,SAE CCS DC fast charge connector,96 month/175000 miles,7PDSGABAXPN028958,2023,135 kWh,https://ev.com/vehicle/il8i09,2023RivianR1SAdventure,"$63,599"
Rivian,321 mi,41 minutes,"24,079 mi",835 HP,Up to 7,LA Silver,N/A,SAE CCS DC fast charge connector,96 month/175000 miles,7PDSGABA5PN023893,2023,135 kWh,https://ev.com/vehicle/v0az2z,2023RivianR1SAdventure,"$59,166"
Rivian,321 mi,41 minutes,"9,667 mi",835 HP,Up to 7,Glacier White,Black Mountain,SAE CCS DC fast charge connector,96 month/175000 miles,7PDSGABA7PN026164,2023,135 kWh,https://ev.com/vehicle/c13t8i,2023RivianR1SAdventure,"$63,234"
Rivian,321 mi,41 minutes,"8,376 mi",835 HP,Up to 7,Rivian Blue,Black Mountain,SAE CCS DC fast charge connector,96 month/175000 miles,7PDSGABAXRN034004,2024,N/A,https://ev.com/vehicle/09omxf,2024RivianR1SAdventure Quad Motor Large Pack,"$67,589"
Rivian,314 mi,41 minutes,"48,147 mi",835 HP,Up to 5,Green,Black Mountain,SAE CCS DC fast charge connector,96 month/175000 miles,7FCTGAAL1NN001878,2022,N/A,https://ev.com/vehicle/bkj3xr,2022RivianR1TLaunch Edition,"$44,579"
Rivian,352 mi,Coming Soon,"12,083 mi",533 HP,Up to 5,Silver,Black,SAE CCS DC fast charge connector,96 month/175000 miles,7FCTGBAAXPN025202,2023,135 kWh,https://ev.com/vehicle/aco20d,2023RivianR1TAdventure Dual Motor Large Pack,"$48,195"
Rivian,352 mi,Coming Soon,"12,471 mi",533 HP,Up to 5,Green,Black Mountain,SAE CCS DC fast charge connector,96 month/175000 miles,7FCTGBAA4PN026815,2023,135 kWh,https://ev.com/vehicle/948hkq,2023RivianR1TAdventure Dual Motor Large Pack,"$50,695"
Rivian,352 mi,Coming Soon,"20,467 mi",533 HP,Up to 5,Glacier White,Black Mountain,SAE CCS DC fast charge connector,96 month/175000 miles,7FCTGBAA1PN026027,2023,135 kWh,https://ev.com/vehicle/4ld7k0,2023RivianR1TAdventure Dual Motor Large Pack,"$46,683"
Rivian,260 mi,Coming Soon,"28,072 mi",600 HP,Up to 5,Glacier White,Black Mountain,SAE CCS DC fast charge connector,96 month/175000 miles,7FCTGAAA3NN014792,2022,N/A,https://ev.com/vehicle/0azw5i,2022RivianR1TAdventure,"$43,687"
Rivian,321 mi,41 minutes,"14,323 mi",835 HP,Up to 7,Glacier White,Black Mountain,SAE CCS DC fast charge connector,96 month/175000 miles,7PDSGABA9PN007938,2023,135 kWh,https://ev.com/vehicle/kye6cb,2023RivianR1SAdventure,"$60,670"
Rivian,260 mi,Coming Soon,"19,443 mi",600 HP,Up to 5,Midnight,Forest Edge,SAE CCS DC fast charge connector,96 month/175000 miles,7FCTGAAA3NN011505,2022,N/A,https://ev.com/vehicle/x6b2ac,2022RivianR1TAdventure,"$44,690"
Rivian,314 mi,41 minutes,"39,623 mi",835 HP,Up to 5,Glacier White,Black Mountain,SAE CCS DC fast charge connector,96 month/175000 miles,7FCTGAAL8NN000484,2022,N/A,https://ev.com/vehicle/njhh9n,2022RivianR1TLaunch Edition,"$46,583"
Rivian,328 mi,360 minutes,"16,549 mi",835 HP,Up to 5,Rivian Blue,Black Mountain,SAE CCS DC fast charge connector,96 month/175000 miles,7FCTGAAA8PN025323,2023,135 kWh,https://ev.com/vehicle/1zxp7c,2023RivianR1TAdventure Quad Motor Large Pack,"$50,690"
Acura,304 mi,42 minutes,11 mi,490 HP,Up to 5,N/A,N/A,SAE CCS DC fast charge connector,96 month/100000 miles,4W5KHNRL0RZ508296,2024,102 kWh,https://ev.com/vehicle/bikx4f,2024AcuraZDXA-SPEC,"$52,125"
Acura,304 mi,42 minutes,11 mi,490 HP,Up to 5,N/A,N/A,SAE CCS DC fast charge connector,96 month/100000 miles,4W5KHNRL6RZ513907,2024,102 kWh,https://ev.com/vehicle/c0vz6p,2024AcuraZDXA-SPEC,"$52,125"
Acura,304 mi,42 minutes,7 mi,490 HP,Up to 5,White,Ebony,SAE CCS DC fast charge connector,96 month/100000 miles,4W5KHNRL7RZ518887,2024,102 kWh,https://ev.com/vehicle/soxtkl,2024AcuraZDXA-SPEC,"$47,235"
Acura,304 mi,42 minutes,11 mi,490 HP,Up to 5,N/A,N/A,SAE CCS DC fast charge connector,96 month/100000 miles,4W5KHNRL0RZ506807,2024,102 kWh,https://ev.com/vehicle/dy75um,2024AcuraZDXA-SPEC,"$52,125"
Acura,304 mi,42 minutes,11 mi,490 HP,Up to 5,N/A,N/A,SAE CCS DC fast charge connector,96 month/100000 miles,4W5KHNRL0RZ508640,2024,102 kWh,https://ev.com/vehicle/eh40nk,2024AcuraZDXA-SPEC,"$52,125"
Acura,304 mi,42 minutes,11 mi,490 HP,Up to 5,N/A,N/A,SAE CCS DC fast charge connector,96 month/100000 miles,4W5KHNRL1RZ511112,2024,102 kWh,https://ev.com/vehicle/4dbh31,2024AcuraZDXA-SPEC,"$52,125"
Acura,304 mi,42 minutes,11 mi,490 HP,Up to 5,N/A,N/A,SAE CCS DC fast charge connector,96 month/100000 miles,4W5KHNRL2RZ510020,2024,102 kWh,https://ev.com/vehicle/joj3j2,2024AcuraZDXA-SPEC,"$52,125"
Acura,304 mi,42 minutes,11 mi,490 HP,Up to 5,N/A,N/A,SAE CCS DC fast charge connector,96 month/100000 miles,4W5KHNRL4RZ510830,2024,102 kWh,https://ev.com/vehicle/psawe3,2024AcuraZDXA-SPEC,"$52,125"
Acura,304 mi,42 minutes,11 mi,490 HP,Up to 5,N/A,N/A,SAE CCS DC fast charge connector,96 month/100000 miles,4W5KHNRL4RZ511590,2024,102 kWh,https://ev.com/vehicle/s5bamh,2024AcuraZDXA-SPEC,"$52,125"
Acura,304 mi,42 minutes,11 mi,490 HP,Up to 5,N/A,N/A,SAE CCS DC fast charge connector,96 month/100000 miles,4W5KHNRL5RZ510822,2024,102 kWh,https://ev.com/vehicle/89i4vj,2024AcuraZDXA-SPEC,"$52,125"
Acura,304 mi,42 minutes,11 mi,490 HP,Up to 5,N/A,N/A,SAE CCS DC fast charge connector,96 month/100000 miles,4W5KHNRLXRZ512503,2024,102 kWh,https://ev.com/vehicle/q00ovy,2024AcuraZDXA-SPEC,"$52,125"
Acura,304 mi,42 minutes,11 mi,490 HP,Up to 5,N/A,N/A,SAE CCS DC fast charge connector,96 month/100000 miles,4W5KHNRL4RZ518362,2024,102 kWh,https://ev.com/vehicle/tx03iu,2024AcuraZDXA-SPEC,"$52,125"
Acura,304 mi,42 minutes,11 mi,490 HP,Up to 5,N/A,N/A,SAE CCS DC fast charge connector,96 month/100000 miles,4W5KHNRLXRZ508886,2024,102 kWh,https://ev.com/vehicle/yvzojx,2024AcuraZDXA-SPEC,"$52,125"
Acura,304 mi,42 minutes,11 mi,490 HP,Up to 5,N/A,N/A,SAE CCS DC fast charge connector,96 month/100000 miles,4W5KHNRLXRZ517247,2024,102 kWh,https://ev.com/vehicle/63xbyr,2024AcuraZDXA-SPEC,"$52,125"
Acura,304 mi,42 minutes,11 mi,490 HP,Up to 5,N/A,N/A,SAE CCS DC fast charge connector,96 month/100000 miles,4W5KHNRL3RZ518398,2024,102 kWh,https://ev.com/vehicle/2jvke5,2024AcuraZDXA-SPEC,"$52,125"
Acura,304 mi,42 minutes,11 mi,490 HP,Up to 5,N/A,N/A,SAE CCS DC fast charge connector,96 month/100000 miles,4W5KHNRL4RZ508866,2024,102 kWh,https://ev.com/vehicle/4erqfc,2024AcuraZDXA-SPEC,"$52,125"
Acura,304 mi,42 minutes,11 mi,490 HP,Up to 5,N/A,N/A,SAE CCS DC fast charge connector,96 month/100000 miles,4W5KHNRL5RZ508651,2024,102 kWh,https://ev.com/vehicle/vcch5n,2024AcuraZDXA-SPEC,"$52,125"
Acura,304 mi,42 minutes,11 mi,490 HP,Up to 5,N/A,N/A,SAE CCS DC fast charge connector,96 month/100000 miles,4W5KHNRL5RZ509184,2024,102 kWh,https://ev.com/vehicle/h5hk27,2024AcuraZDXA-SPEC,"$52,125"
Acura,304 mi,42 minutes,11 mi,490 HP,Up to 5,N/A,N/A,SAE CCS DC fast charge connector,96 month/100000 miles,4W5KHNRL5RZ516068,2024,102 kWh,https://ev.com/vehicle/6uoump,2024AcuraZDXA-SPEC,"$52,125"
Acura,304 mi,42 minutes,11 mi,490 HP,Up to 5,N/A,N/A,SAE CCS DC fast charge connector,96 month/100000 miles,4W5KHNRL5RZ516085,2024,102 kWh,https://ev.com/vehicle/0f6w8g,2024AcuraZDXA-SPEC,"$52,125"
Acura,304 mi,42 minutes,11 mi,490 HP,Up to 5,N/A,N/A,SAE CCS DC fast charge connector,96 month/100000 miles,4W5KHNRL5RZ519844,2024,102 kWh,https://ev.com/vehicle/1i5ue4,2024AcuraZDXA-SPEC,"$52,125"
Acura,304 mi,42 minutes,11 mi,490 HP,Up to 5,N/A,N/A,SAE CCS DC fast charge connector,96 month/100000 miles,4W5KHNRL6RZ508500,2024,102 kWh,https://ev.com/vehicle/djueqb,2024AcuraZDXA-SPEC,"$52,125"
Acura,304 mi,42 minutes,11 mi,490 HP,Up to 5,N/A,N/A,SAE CCS DC fast charge connector,96 month/100000 miles,4W5KHNRL6RZ510716,2024,102 kWh,https://ev.com/vehicle/ejbceg,2024AcuraZDXA-SPEC,"$52,125"
Acura,304 mi,42 minutes,11 mi,490 HP,Up to 5,N/A,N/A,SAE CCS DC fast charge connector,96 month/100000 miles,4W5KHNRL6RZ513003,2024,102 kWh,https://ev.com/vehicle/ltv2l9,2024AcuraZDXA-SPEC,"$52,125"
Acura,304 mi,42 minutes,11 mi,490 HP,Up to 5,N/A,N/A,SAE CCS DC fast charge connector,96 month/100000 miles,4W5KHNRLXRZ507365,2024,102 kWh,https://ev.com/vehicle/agznbs,2024AcuraZDXA-SPEC,"$52,125"
Acura,304 mi,42 minutes,11 mi,490 HP,Up to 5,N/A,N/A,SAE CCS DC fast charge connector,96 month/100000 miles,4W5KHNRL9RZ516980,2024,102 kWh,https://ev.com/vehicle/aao178,2024AcuraZDXA-SPEC,"$52,125"
Acura,304 mi,42 minutes,11 mi,490 HP,Up to 5,N/A,N/A,SAE CCS DC fast charge connector,96 month/100000 miles,4W5KHNRL0RZ508492,2024,102 kWh,https://ev.com/vehicle/5dwaeo,2024AcuraZDXA-SPEC,"$52,125"
Acura,304 mi,42 minutes,11 mi,490 HP,Up to 5,N/A,N/A,SAE CCS DC fast charge connector,96 month/100000 miles,4W5KHNRL0RZ508539,2024,102 kWh,https://ev.com/vehicle/pmpyob,2024AcuraZDXA-SPEC,"$52,125"
Acura,304 mi,42 minutes,11 mi,490 HP,Up to 5,N/A,N/A,SAE CCS DC fast charge connector,96 month/100000 miles,4W5KHNRL0RZ509285,2024,102 kWh,https://ev.com/vehicle/8wv5tm,2024AcuraZDXA-SPEC,"$52,125"
Acura,304 mi,42 minutes,11 mi,490 HP,Up to 5,N/A,N/A,SAE CCS DC fast charge connector,96 month/100000 miles,4W5KHNRL0RZ510887,2024,102 kWh,https://ev.com/vehicle/qewqzr,2024AcuraZDXA-SPEC,"$52,125"
Acura,304 mi,42 minutes,11 mi,490 HP,Up to 5,N/A,N/A,SAE CCS DC fast charge connector,96 month/100000 miles,4W5KHNRL0RZ512378,2024,102 kWh,https://ev.com/vehicle/jwoz9w,2024AcuraZDXA-SPEC,"$52,125"
Acura,304 mi,42 minutes,11 mi,490 HP,Up to 5,N/A,N/A,SAE CCS DC fast charge connector,96 month/100000 miles,4W5KHNRL2RZ510762,2024,102 kWh,https://ev.com/vehicle/c83u06,2024AcuraZDXA-SPEC,"$52,125"
Acura,304 mi,42 minutes,11 mi,490 HP,Up to 5,N/A,N/A,SAE CCS DC fast charge connector,96 month/100000 miles,4W5KHNRL3RZ509183,2024,102 kWh,https://ev.com/vehicle/92p4d1,2024AcuraZDXA-SPEC,"$52,125"
Acura,304 mi,42 minutes,11 mi,490 HP,Up to 5,N/A,N/A,SAE CCS DC fast charge connector,96 month/100000 miles,4W5KHNRL4RZ509984,2024,102 kWh,https://ev.com/vehicle/qb4ekn,2024AcuraZDXA-SPEC,"$52,125"
Acura,304 mi,42 minutes,11 mi,490 HP,Up to 5,N/A,N/A,SAE CCS DC fast charge connector,96 month/100000 miles,4W5KHNRL4RZ510729,2024,102 kWh,https://ev.com/vehicle/500kf9,2024AcuraZDXA-SPEC,"$52,125"
Acura,304 mi,42 minutes,11 mi,490 HP,Up to 5,N/A,N/A,SAE CCS DC fast charge connector,96 month/100000 miles,4W5KHNRL4RZ510827,2024,102 kWh,https://ev.com/vehicle/2ourig,2024AcuraZDXA-SPEC,"$52,125"
Acura,304 mi,42 minutes,11 mi,490 HP,Up to 5,N/A,N/A,SAE CCS DC fast charge connector,96 month/100000 miles,4W5KHNRL4RZ511055,2024,102 kWh,https://ev.com/vehicle/ozg8g6,2024AcuraZDXA-SPEC,"$52,125"
Acura,304 mi,42 minutes,11 mi,490 HP,Up to 5,N/A,N/A,SAE CCS DC fast charge connector,96 month/100000 miles,4W5KHNRL6RZ508299,2024,102 kWh,https://ev.com/vehicle/lczdwv,2024AcuraZDXA-SPEC,"$52,125"
Acura,304 mi,42 minutes,11 mi,490 HP,Up to 5,N/A,N/A,SAE CCS DC fast charge connector,96 month/100000 miles,4W5KHNRL6RZ508755,2024,102 kWh,https://ev.com/vehicle/fku9p1,2024AcuraZDXA-SPEC,"$52,125"
Acura,304 mi,42 minutes,11 mi,490 HP,Up to 5,N/A,N/A,SAE CCS DC fast charge connector,96 month/100000 miles,4W5KHNRL6RZ509548,2024,102 kWh,https://ev.com/vehicle/lefodv,2024AcuraZDXA-SPEC,"$52,125"
Acura,304 mi,42 minutes,11 mi,490 HP,Up to 5,N/A,N/A,SAE CCS DC fast charge connector,96 month/100000 miles,4W5KHNRL6RZ518167,2024,102 kWh,https://ev.com/vehicle/fa9fr3,2024AcuraZDXA-SPEC,"$52,125"
Acura,304 mi,42 minutes,11 mi,490 HP,Up to 5,N/A,N/A,SAE CCS DC fast charge connector,96 month/100000 miles,4W5KHNRL7RZ512569,2024,102 kWh,https://ev.com/vehicle/sdkyro,2024AcuraZDXA-SPEC,"$52,125"
Acura,304 mi,42 minutes,11 mi,490 HP,Up to 5,N/A,N/A,SAE CCS DC fast charge connector,96 month/100000 miles,4W5KHNRLXRZ512355,2024,102 kWh,https://ev.com/vehicle/5jfo4g,2024AcuraZDXA-SPEC,"$52,125"
Acura,304 mi,42 minutes,3 mi,490 HP,Up to 5,Blue Abyss Metallic,Ebony,SAE CCS DC fast charge connector,96 month/100000 miles,4W5KHNRLXRZ514784,2024,102 kWh,https://ev.com/vehicle/iu7pei,2024AcuraZDXA-SPEC,"$52,125"
Acura,304 mi,42 minutes,5 mi,490 HP,Up to 5,Scarlet Red Metallic,Ebony,SAE CCS DC fast charge connector,96 month/100000 miles,4W5KHNRL7RZ511406,2024,102 kWh,https://ev.com/vehicle/wxn4cp,2024AcuraZDXA-SPEC,"$52,125"
Acura,304 mi,42 minutes,5 mi,490 HP,Up to 5,Blue Abyss Metallic,Orchid,SAE CCS DC fast charge connector,96 month/100000 miles,4W5KHNRL0RZ519654,2024,102 kWh,https://ev.com/vehicle/dwaw6w,2024AcuraZDXA-SPEC,"$52,125"
Acura,304 mi,42 minutes,3 mi,490 HP,Up to 5,Blue Abyss Metallic,Orchid,SAE CCS DC fast charge connector,96 month/100000 miles,4W5KHNRL8RZ516419,2024,102 kWh,https://ev.com/vehicle/jj1x8g,2024AcuraZDXA-SPEC,"$52,125"
Acura,278 mi,42 minutes,11 mi,499 HP,Up to 5,N/A,N/A,SAE CCS DC fast charge connector,96 month/100000 miles,4W5XHPRL5RZ516167,2024,102 kWh,https://ev.com/vehicle/ifldvt,2024AcuraZDXType S,"$58,125"
Acura,278 mi,42 minutes,88 mi,499 HP,Up to 5,N/A,N/A,SAE CCS DC fast charge connector,96 month/100000 miles,4W5XHPRL6RZ516047,2024,102 kWh,https://ev.com/vehicle/j4xnl2,2024AcuraZDXType S w/Performance Tire,"$58,125"
Acura,304 mi,42 minutes,11 mi,490 HP,Up to 5,N/A,N/A,SAE CCS DC fast charge connector,96 month/100000 miles,4W5KHNRL8RZ516856,2024,102 kWh,https://ev.com/vehicle/mm73j7,2024AcuraZDXA-SPEC,"$52,125"
Acura,304 mi,42 minutes,199 mi,490 HP,Up to 5,N/A,N/A,SAE CCS DC fast charge connector,96 month/100000 miles,4W5KHNRL8RZ503850,2024,102 kWh,https://ev.com/vehicle/7okq56,2024AcuraZDXA-SPEC,"$52,125"
Acura,304 mi,42 minutes,11 mi,490 HP,Up to 5,N/A,N/A,SAE CCS DC fast charge connector,96 month/100000 miles,4W5KHNRL9RZ510516,2024,102 kWh,https://ev.com/vehicle/lpvnhv,2024AcuraZDXA-SPEC,"$52,125"
Acura,304 mi,42 minutes,11 mi,490 HP,Up to 5,N/A,N/A,SAE CCS DC fast charge connector,96 month/100000 miles,4W5KHNRL9RZ512783,2024,102 kWh,https://ev.com/vehicle/9y2q9u,2024AcuraZDXA-SPEC,"$52,125"
Acura,304 mi,42 minutes,7 mi,490 HP,Up to 5,N/A,N/A,SAE CCS DC fast charge connector,96 month/100000 miles,4W5KHNRLXRZ510699,2024,102 kWh,https://ev.com/vehicle/ff820o,2024AcuraZDXA-SPEC,"$52,125"
Acura,304 mi,42 minutes,11 mi,490 HP,Up to 5,N/A,N/A,SAE CCS DC fast charge connector,96 month/100000 miles,4W5KHNRLXRZ517135,2024,102 kWh,https://ev.com/vehicle/aprvnt,2024AcuraZDXA-SPEC,"$52,125"
Acura,304 mi,42 minutes,11 mi,490 HP,Up to 5,N/A,N/A,SAE CCS DC fast charge connector,96 month/100000 miles,4W5KHNRL0RZ509819,2024,102 kWh,https://ev.com/vehicle/wubb0z,2024AcuraZDXA-SPEC,"$52,125"
Acura,304 mi,42 minutes,6 mi,490 HP,Up to 5,N/A,N/A,SAE CCS DC fast charge connector,96 month/100000 miles,4W5KHNRL8RZ512824,2024,102 kWh,https://ev.com/vehicle/xf7knp,2024AcuraZDXA-SPEC,"$52,125"
Acura,304 mi,42 minutes,11 mi,490 HP,Up to 5,N/A,N/A,SAE CCS DC fast charge connector,96 month/100000 miles,4W5KHNRL9RZ512816,2024,102 kWh,https://ev.com/vehicle/l3946y,2024AcuraZDXA-SPEC,"$52,125"
Acura,304 mi,42 minutes,11 mi,490 HP,Up to 5,N/A,N/A,SAE CCS DC fast charge connector,96 month/100000 miles,4W5KHNRL9RZ512802,2024,102 kWh,https://ev.com/vehicle/137854,2024AcuraZDXA-SPEC,"$52,125"
Acura,304 mi,42 minutes,11 mi,490 HP,Up to 5,N/A,N/A,SAE CCS DC fast charge connector,96 month/100000 miles,4W5KHNRL0RZ509223,2024,102 kWh,https://ev.com/vehicle/vqgz2k,2024AcuraZDXA-SPEC,"$52,125"
Acura,304 mi,42 minutes,11 mi,490 HP,Up to 5,N/A,N/A,SAE CCS DC fast charge connector,96 month/100000 miles,4W5KHNRL0RZ517354,2024,102 kWh,https://ev.com/vehicle/4lhbfc,2024AcuraZDXA-SPEC,"$52,125"
Acura,304 mi,42 minutes,11 mi,490 HP,Up to 5,N/A,N/A,SAE CCS DC fast charge connector,96 month/100000 miles,4W5KHNRL1RZ515001,2024,102 kWh,https://ev.com/vehicle/7k1q5l,2024AcuraZDXA-SPEC,"$52,125"
Acura,304 mi,42 minutes,11 mi,490 HP,Up to 5,N/A,N/A,SAE CCS DC fast charge connector,96 month/100000 miles,4W5KHNRL1RZ519095,2024,102 kWh,https://ev.com/vehicle/52ig8d,2024AcuraZDXA-SPEC,"$52,125"
Acura,304 mi,42 minutes,8 mi,490 HP,Up to 5,N/A,N/A,SAE CCS DC fast charge connector,96 month/100000 miles,4W5KHNRL2RZ510485,2024,102 kWh,https://ev.com/vehicle/9w70jp,2024AcuraZDXA-SPEC,"$52,125"
Acura,304 mi,42 minutes,11 mi,490 HP,Up to 5,N/A,N/A,SAE CCS DC fast charge connector,96 month/100000 miles,4W5KHNRL2RZ515718,2024,102 kWh,https://ev.com/vehicle/ltsb57,2024AcuraZDXA-SPEC,"$52,125"
Acura,304 mi,42 minutes,7 mi,490 HP,Up to 5,N/A,N/A,SAE CCS DC fast charge connector,96 month/100000 miles,4W5KHNRL2RZ517369,2024,102 kWh,https://ev.com/vehicle/vfszx2,2024AcuraZDXA-SPEC,"$52,125"
Acura,304 mi,42 minutes,11 mi,490 HP,Up to 5,N/A,N/A,SAE CCS DC fast charge connector,96 month/100000 miles,4W5KHNRL3RZ516716,2024,102 kWh,https://ev.com/vehicle/jgnqsl,2024AcuraZDXA-SPEC,"$52,125"
Acura,304 mi,42 minutes,11 mi,490 HP,Up to 5,N/A,N/A,SAE CCS DC fast charge connector,96 month/100000 miles,4W5KHNRL3RZ516800,2024,102 kWh,https://ev.com/vehicle/pwibka,2024AcuraZDXA-SPEC,"$52,125"
Acura,304 mi,42 minutes,11 mi,490 HP,Up to 5,N/A,N/A,SAE CCS DC fast charge connector,96 month/100000 miles,4W5KHNRL3RZ516862,2024,102 kWh,https://ev.com/vehicle/5toqfd,2024AcuraZDXA-SPEC,"$52,125"
Acura,304 mi,42 minutes,11 mi,490 HP,Up to 5,N/A,N/A,SAE CCS DC fast charge connector,96 month/100000 miles,4W5KHNRL4RZ513971,2024,102 kWh,https://ev.com/vehicle/10iytl,2024AcuraZDXA-SPEC,"$51,525"
Acura,304 mi,42 minutes,20 mi,490 HP,Up to 5,N/A,N/A,SAE CCS DC fast charge connector,96 month/100000 miles,4W5KHNRL5RZ508939,2024,102 kWh,https://ev.com/vehicle/dklc9s,2024AcuraZDXA-SPEC,"$52,125"
Acura,304 mi,42 minutes,11 mi,490 HP,Up to 5,N/A,N/A,SAE CCS DC fast charge connector,96 month/100000 miles,4W5KHNRL6RZ510991,2024,102 kWh,https://ev.com/vehicle/z50cs0,2024AcuraZDXA-SPEC,"$52,125"
Acura,304 mi,42 minutes,11 mi,490 HP,Up to 5,N/A,N/A,SAE CCS DC fast charge connector,96 month/100000 miles,4W5KHNRL6RZ516693,2024,102 kWh,https://ev.com/vehicle/kiagwj,2024AcuraZDXA-SPEC,"$51,525"
Acura,304 mi,42 minutes,11 mi,490 HP,Up to 5,N/A,N/A,SAE CCS DC fast charge connector,96 month/100000 miles,4W5KHNRL7RZ512913,2024,102 kWh,https://ev.com/vehicle/bmfs4v,2024AcuraZDXA-SPEC,"$52,125"
Acura,278 mi,42 minutes,11 mi,499 HP,Up to 5,N/A,N/A,SAE CCS DC fast charge connector,96 month/100000 miles,4W5XHPRL3RZ514692,2024,102 kWh,https://ev.com/vehicle/v57m3x,2024AcuraZDXType S,"$57,125"
Acura,304 mi,42 minutes,11 mi,490 HP,Up to 5,N/A,N/A,SAE CCS DC fast charge connector,96 month/100000 miles,4W5KHNRL1RZ508551,2024,102 kWh,https://ev.com/vehicle/w6ktnp,2024AcuraZDXA-SPEC,"$52,125"
Acura,304 mi,42 minutes,11 mi,490 HP,Up to 5,N/A,N/A,SAE CCS DC fast charge connector,96 month/100000 miles,4W5KHNRL6RZ510120,2024,102 kWh,https://ev.com/vehicle/ubuoxj,2024AcuraZDXA-SPEC,"$51,525"
Acura,313 mi,42 minutes,3 mi,358 HP,Up to 5,Blue Abyss Metallic,Ebony,SAE CCS DC fast charge connector,96 month/100000 miles,4W5KHMRK2RZ515767,2024,102 kWh,https://ev.com/vehicle/wzy3mk,2024AcuraZDXA-SPEC,"$49,690"
Acura,313 mi,42 minutes,3 mi,358 HP,Up to 5,Cosmic Black Metallic,Ebony,SAE CCS DC fast charge connector,96 month/100000 miles,4W5KHMRK2RZ518457,2024,102 kWh,https://ev.com/vehicle/hejv74,2024AcuraZDXA-SPEC,"$48,125"
Acura,304 mi,42 minutes,3 mi,490 HP,Up to 5,Cosmic Black Metallic,Ebony,SAE CCS DC fast charge connector,96 month/100000 miles,4W5KHNRL3RZ508762,2024,102 kWh,https://ev.com/vehicle/0ib6vy,2024AcuraZDXA-SPEC,"$53,690"
Acura,278 mi,42 minutes,5 mi,499 HP,Up to 5,Double Apex Blue Pearl,Ebony,SAE CCS DC fast charge connector,96 month/100000 miles,4W5XHPRL8RZ517636,2024,102 kWh,https://ev.com/vehicle/okt30b,2024AcuraZDXType S,"$58,690"
Acura,313 mi,42 minutes,5 mi,358 HP,Up to 5,Cosmic Black Metallic,Ebony,SAE CCS DC fast charge connector,96 month/100000 miles,4W5KHMRK6RZ512175,2024,102 kWh,https://ev.com/vehicle/6lscah,2024AcuraZDXA-SPEC,"$48,125"
Acura,313 mi,42 minutes,3 mi,358 HP,Up to 5,Mercury Silver Metallic,Ebony,SAE CCS DC fast charge connector,96 month/100000 miles,4W5KHMRK3RZ511839,2024,102 kWh,https://ev.com/vehicle/bz53hj,2024AcuraZDXA-SPEC,"$49,090"
Acura,278 mi,42 minutes,3 mi,499 HP,Up to 5,Tiger Eye Pearl,Ebony,SAE CCS DC fast charge connector,96 month/100000 miles,4W5XHPRL0RZ518828,2024,102 kWh,https://ev.com/vehicle/dw2p5a,2024AcuraZDXType S,"$58,690"
Acura,313 mi,42 minutes,5 mi,358 HP,Up to 5,Scarlet Red Metallic,Ebony,SAE CCS DC fast charge connector,96 month/100000 miles,4W5KHMRK7RZ511777,2024,102 kWh,https://ev.com/vehicle/8tsuj1,2024AcuraZDXA-SPEC,"$48,125"
Acura,313 mi,42 minutes,5 mi,358 HP,Up to 5,Cosmic Black Metallic,Ebony,SAE CCS DC fast charge connector,96 month/100000 miles,4W5KHMRK8RZ516292,2024,102 kWh,https://ev.com/vehicle/p5i3en,2024AcuraZDXA-SPEC,"$48,125"
Acura,313 mi,42 minutes,3 mi,358 HP,Up to 5,Scarlet Red Metallic,Orchid,SAE CCS DC fast charge connector,96 month/100000 miles,4W5KHMRK8RZ505731,2024,102 kWh,https://ev.com/vehicle/wj7k5b,2024AcuraZDXA-SPEC,"$48,125"
Acura,304 mi,42 minutes,5 mi,490 HP,Up to 5,Cosmic Black Metallic,Ebony,SAE CCS DC fast charge connector,96 month/100000 miles,4W5KHNRL3RZ512844,2024,102 kWh,https://ev.com/vehicle/qvae0e,2024AcuraZDXA-SPEC,"$52,125"
Acura,304 mi,42 minutes,5 mi,490 HP,Up to 5,Snowfall Pearl,Red,SAE CCS DC fast charge connector,96 month/100000 miles,4W5KHNRLXRZ514591,2024,102 kWh,https://ev.com/vehicle/q5vdtc,2024AcuraZDXA-SPEC,"$53,690"
Acura,313 mi,42 minutes,5 mi,358 HP,Up to 5,Cosmic Black Metallic,Red,SAE CCS DC fast charge connector,96 month/100000 miles,4W5KHMRK0RZ515475,2024,102 kWh,https://ev.com/vehicle/07isms,2024AcuraZDXA-SPEC,"$48,125"
Acura,304 mi,42 minutes,5 mi,490 HP,Up to 5,Scarlet Red Metallic,Ebony,SAE CCS DC fast charge connector,96 month/100000 miles,4W5KHNRL0RZ513353,2024,102 kWh,https://ev.com/vehicle/vfspvt,2024AcuraZDXA-SPEC,"$52,125"
Acura,278 mi,42 minutes,3 mi,499 HP,Up to 5,Mercury Silver Metallic,Ebony,SAE CCS DC fast charge connector,96 month/100000 miles,4W5XHPRL6RZ515478,2024,102 kWh,https://ev.com/vehicle/s1xig9,2024AcuraZDXType S,"$58,090"
Acura,313 mi,42 minutes,5 mi,358 HP,Up to 5,Cosmic Black Metallic,Ebony,SAE CCS DC fast charge connector,96 month/100000 miles,4W5KHMRK1RZ515470,2024,102 kWh,https://ev.com/vehicle/sxt9ou,2024AcuraZDXA-SPEC,"$48,125"
Acura,313 mi,42 minutes,89 mi,358 HP,Up to 5,Blue Abyss Metallic,Orchid,SAE CCS DC fast charge connector,96 month/100000 miles,4W5KHMRKXRZ512423,2024,102 kWh,https://ev.com/vehicle/0fvgj7,2024AcuraZDXA-SPEC,"$48,125"
Acura,313 mi,42 minutes,5 mi,358 HP,Up to 5,Cosmic Black Metallic,Ebony,SAE CCS DC fast charge connector,96 month/100000 miles,4W5KHMRK5RZ518498,2024,102 kWh,https://ev.com/vehicle/nduwrt,2024AcuraZDXA-SPEC,"$48,125"
Acura,304 mi,42 minutes,3 mi,490 HP,Up to 5,Mercury Silver Metallic,Ebony,SAE CCS DC fast charge connector,96 month/100000 miles,4W5KHNRL2RZ516450,2024,102 kWh,https://ev.com/vehicle/hke5ds,2024AcuraZDXA-SPEC,"$51,525"
Acura,313 mi,42 minutes,3 mi,358 HP,Up to 5,Cosmic Black Metallic,Ebony,SAE CCS DC fast charge connector,96 month/100000 miles,4W5KHMRK0RZ514407,2024,102 kWh,https://ev.com/vehicle/gipvla,2024AcuraZDXA-SPEC,"$48,125"
Acura,313 mi,42 minutes,5 mi,358 HP,Up to 5,Mercury Silver Metallic,Ebony,SAE CCS DC fast charge connector,96 month/100000 miles,4W5KHMRK9RZ518603,2024,102 kWh,https://ev.com/vehicle/ss5b4p,2024AcuraZDXA-SPEC,"$47,525"
Acura,304 mi,42 minutes,3 mi,490 HP,Up to 5,Blue Abyss Metallic,Ebony,SAE CCS DC fast charge connector,96 month/100000 miles,4W5KHNRL3RZ518501,2024,102 kWh,https://ev.com/vehicle/gt67g1,2024AcuraZDXA-SPEC,"$52,125"
Acura,313 mi,42 minutes,35 mi,358 HP,Up to 5,Snowfall Pearl,Ebony,SAE CCS DC fast charge connector,96 month/100000 miles,4W5KHMRK1RZ514500,2024,102 kWh,https://ev.com/vehicle/lvhbic,2024AcuraZDXA-SPEC,"$48,340"
Acura,304 mi,42 minutes,2 mi,490 HP,Up to 5,Silver,Ebony,SAE CCS DC fast charge connector,96 month/100000 miles,4W5KHNRLXRZ511268,2024,102 kWh,https://ev.com/vehicle/osdri1,2024AcuraZDXA-SPEC,"$51,525"
Acura,304 mi,42 minutes,12 mi,490 HP,Up to 5,N/A,N/A,SAE CCS DC fast charge connector,96 month/100000 miles,4W5KHNRL9RZ510533,2024,102 kWh,https://ev.com/vehicle/4zj0ii,2024AcuraZDXA-SPEC,"$52,125"
Acura,304 mi,42 minutes,11 mi,490 HP,Up to 5,N/A,N/A,SAE CCS DC fast charge connector,96 month/100000 miles,4W5KHNRLXRZ516857,2024,102 kWh,https://ev.com/vehicle/b588v1,2024AcuraZDXA-SPEC,"$52,125"
Acura,304 mi,42 minutes,13 mi,490 HP,Up to 5,N/A,N/A,SAE CCS DC fast charge connector,96 month/100000 miles,4W5KHNRL0RZ509836,2024,102 kWh,https://ev.com/vehicle/5f6vlw,2024AcuraZDXA-SPEC,"$52,125"
Acura,304 mi,42 minutes,11 mi,490 HP,Up to 5,N/A,N/A,SAE CCS DC fast charge connector,96 month/100000 miles,4W5KHNRL0RZ509948,2024,102 kWh,https://ev.com/vehicle/ihtk4z,2024AcuraZDXA-SPEC,"$52,125"
Acura,304 mi,42 minutes,11 mi,490 HP,Up to 5,N/A,N/A,SAE CCS DC fast charge connector,96 month/100000 miles,4W5KHNRL0RZ510243,2024,102 kWh,https://ev.com/vehicle/n5o4r8,2024AcuraZDXA-SPEC,"$52,125"
Acura,313 mi,42 minutes,11 mi,358 HP,Up to 5,N/A,N/A,SAE CCS DC fast charge connector,96 month/100000 miles,4W5KHMRK1RZ518014,2024,102 kWh,https://ev.com/vehicle/tjqd7l,2024AcuraZDXA-SPEC,"$48,125"
Acura,313 mi,42 minutes,11 mi,358 HP,Up to 5,N/A,N/A,SAE CCS DC fast charge connector,96 month/100000 miles,4W5KHMRK2RZ515204,2024,102 kWh,https://ev.com/vehicle/lbbw8f,2024AcuraZDXA-SPEC,"$48,125"
Acura,304 mi,42 minutes,20 mi,490 HP,Up to 5,N/A,N/A,SAE CCS DC fast charge connector,96 month/100000 miles,4W5KHNRL0RZ512008,2024,102 kWh,https://ev.com/vehicle/bd9cah,2024AcuraZDXA-SPEC,"$52,125"
Acura,304 mi,42 minutes,11 mi,490 HP,Up to 5,N/A,N/A,SAE CCS DC fast charge connector,96 month/100000 miles,4W5KHNRL0RZ512025,2024,102 kWh,https://ev.com/vehicle/6mcucr,2024AcuraZDXA-SPEC,"$52,125"
Acura,304 mi,42 minutes,11 mi,490 HP,Up to 5,N/A,N/A,SAE CCS DC fast charge connector,96 month/100000 miles,4W5KHNRL0RZ517581,2024,102 kWh,https://ev.com/vehicle/719yny,2024AcuraZDXA-SPEC,"$51,525"
Acura,304 mi,42 minutes,11 mi,490 HP,Up to 5,N/A,N/A,SAE CCS DC fast charge connector,96 month/100000 miles,4W5KHNRL0RZ518035,2024,102 kWh,https://ev.com/vehicle/wcpz1u,2024AcuraZDXA-SPEC,"$51,525"
Acura,304 mi,42 minutes,11 mi,490 HP,Up to 5,N/A,N/A,SAE CCS DC fast charge connector,96 month/100000 miles,4W5KHNRL0RZ518388,2024,102 kWh,https://ev.com/vehicle/4tvorc,2024AcuraZDXA-SPEC,"$52,125"
Acura,304 mi,42 minutes,11 mi,490 HP,Up to 5,N/A,N/A,SAE CCS DC fast charge connector,96 month/100000 miles,4W5KHNRL1RZ516942,2024,102 kWh,https://ev.com/vehicle/qzj3g4,2024AcuraZDXA-SPEC,"$52,125"
Acura,304 mi,42 minutes,11 mi,490 HP,Up to 5,N/A,N/A,SAE CCS DC fast charge connector,96 month/100000 miles,4W5KHNRL1RZ517413,2024,102 kWh,https://ev.com/vehicle/n451wn,2024AcuraZDXA-SPEC,"$52,125"
Acura,304 mi,42 minutes,20 mi,490 HP,Up to 5,N/A,N/A,SAE CCS DC fast charge connector,96 month/100000 miles,4W5KHNRL5RZ512201,2024,102 kWh,https://ev.com/vehicle/iicc3h,2024AcuraZDXA-SPEC,"$52,125"
Acura,304 mi,42 minutes,28 mi,490 HP,Up to 5,N/A,N/A,SAE CCS DC fast charge connector,96 month/100000 miles,4W5KHNRL6RZ507220,2024,102 kWh,https://ev.com/vehicle/dti0d7,2024AcuraZDXA-SPEC,"$52,125"
Acura,304 mi,42 minutes,11 mi,490 HP,Up to 5,N/A,N/A,SAE CCS DC fast charge connector,96 month/100000 miles,4W5KHNRL6RZ510473,2024,102 kWh,https://ev.com/vehicle/jl770l,2024AcuraZDXA-SPEC,"$52,125"
Acura,278 mi,42 minutes,11 mi,499 HP,Up to 5,N/A,N/A,SAE CCS DC fast charge connector,96 month/100000 miles,4W5XHPRL7RZ515148,2024,102 kWh,https://ev.com/vehicle/1ztkjr,2024AcuraZDXType S,"$56,525"
Acura,304 mi,42 minutes,11 mi,490 HP,Up to 5,N/A,N/A,SAE CCS DC fast charge connector,96 month/100000 miles,4W5KHNRL2RZ519834,2024,102 kWh,https://ev.com/vehicle/hfbjjo,2024AcuraZDXA-SPEC,"$52,125"
Acura,304 mi,42 minutes,15 mi,490 HP,Up to 5,N/A,N/A,SAE CCS DC fast charge connector,96 month/100000 miles,4W5KHNRL6RZ517181,2024,102 kWh,https://ev.com/vehicle/s10p0o,2024AcuraZDXA-SPEC,"$52,125"
Acura,278 mi,42 minutes,4 mi,499 HP,Up to 5,N/A,N/A,SAE CCS DC fast charge connector,96 month/100000 miles,4W5XHPRL3RZ515275,2024,102 kWh,https://ev.com/vehicle/19nxlm,2024AcuraZDXType S,"$57,125"
Acura,304 mi,42 minutes,5 mi,490 HP,Up to 5,White,Ebony,SAE CCS DC fast charge connector,96 month/100000 miles,4W5KHNRL8RZ514038,2024,102 kWh,https://ev.com/vehicle/cl9hc2,2024AcuraZDXA-SPEC,"$52,125"
Acura,304 mi,42 minutes,11 mi,490 HP,Up to 5,N/A,N/A,SAE CCS DC fast charge connector,96 month/100000 miles,4W5KHNRL9RZ512833,2024,102 kWh,https://ev.com/vehicle/upb4kj,2024AcuraZDXA-SPEC,"$52,125"
Acura,304 mi,42 minutes,11 mi,490 HP,Up to 5,N/A,N/A,SAE CCS DC fast charge connector,96 month/100000 miles,4W5KHNRL0RZ512946,2024,102 kWh,https://ev.com/vehicle/hc40ez,2024AcuraZDXA-SPEC,"$51,525"
Acura,304 mi,42 minutes,11 mi,490 HP,Up to 5,N/A,N/A,SAE CCS DC fast charge connector,96 month/100000 miles,4W5KHNRL1RZ510901,2024,102 kWh,https://ev.com/vehicle/acb5vo,2024AcuraZDXA-SPEC,"$52,125"
Acura,304 mi,42 minutes,11 mi,490 HP,Up to 5,N/A,N/A,SAE CCS DC fast charge connector,96 month/100000 miles,4W5KHNRL6RZ507122,2024,102 kWh,https://ev.com/vehicle/yaou4a,2024AcuraZDXA-SPEC,"$52,125"
Acura,278 mi,42 minutes,11 mi,499 HP,Up to 5,N/A,N/A,SAE CCS DC fast charge connector,96 month/100000 miles,4W5XHPRL4RZ512806,2024,102 kWh,https://ev.com/vehicle/chs3hq,2024AcuraZDXType S,"$57,125"
Acura,304 mi,42 minutes,4 mi,490 HP,Up to 5,N/A,N/A,SAE CCS DC fast charge connector,96 month/100000 miles,4W5KHNRL3RZ509426,2024,102 kWh,https://ev.com/vehicle/nlniyc,2024AcuraZDXA-SPEC,"$52,125"
Acura,304 mi,42 minutes,4 mi,490 HP,Up to 5,N/A,N/A,SAE CCS DC fast charge connector,96 month/100000 miles,4W5KHNRL7RZ513494,2024,102 kWh,https://ev.com/vehicle/euif7i,2024AcuraZDXA-SPEC,"$52,125"
Acura,313 mi,42 minutes,11 mi,358 HP,Up to 5,N/A,N/A,SAE CCS DC fast charge connector,96 month/100000 miles,4W5KHMRK4RZ515205,2024,102 kWh,https://ev.com/vehicle/1f1udz,2024AcuraZDXA-SPEC,"$48,125"
Acura,304 mi,42 minutes,11 mi,490 HP,Up to 5,N/A,N/A,SAE CCS DC fast charge connector,96 month/100000 miles,4W5KHNRL0RZ506936,2024,102 kWh,https://ev.com/vehicle/dtx5ld,2024AcuraZDXA-SPEC,"$51,525"
Acura,304 mi,42 minutes,11 mi,490 HP,Up to 5,N/A,N/A,SAE CCS DC fast charge connector,96 month/100000 miles,4W5KHNRL0RZ508654,2024,102 kWh,https://ev.com/vehicle/wjkkfr,2024AcuraZDXA-SPEC,"$52,125"
Acura,304 mi,42 minutes,11 mi,490 HP,Up to 5,N/A,N/A,SAE CCS DC fast charge connector,96 month/100000 miles,4W5KHNRL0RZ508721,2024,102 kWh,https://ev.com/vehicle/9kp25x,2024AcuraZDXA-SPEC,"$52,125"
Acura,304 mi,42 minutes,11 mi,490 HP,Up to 5,N/A,N/A,SAE CCS DC fast charge connector,96 month/100000 miles,4W5KHNRL0RZ509559,2024,102 kWh,https://ev.com/vehicle/aaxcwr,2024AcuraZDXA-SPEC,"$52,125"
Acura,304 mi,42 minutes,11 mi,490 HP,Up to 5,N/A,N/A,SAE CCS DC fast charge connector,96 month/100000 miles,4W5KHNRL0RZ516382,2024,102 kWh,https://ev.com/vehicle/z105p2,2024AcuraZDXA-SPEC,"$51,525"
Acura,304 mi,42 minutes,11 mi,490 HP,Up to 5,N/A,N/A,SAE CCS DC fast charge connector,96 month/100000 miles,4W5KHNRL0RZ517855,2024,102 kWh,https://ev.com/vehicle/amxpnq,2024AcuraZDXA-SPEC,"$52,125"
Acura,304 mi,42 minutes,11 mi,490 HP,Up to 5,N/A,N/A,SAE CCS DC fast charge connector,96 month/100000 miles,4W5KHNRL0RZ517869,2024,102 kWh,https://ev.com/vehicle/paygf1,2024AcuraZDXA-SPEC,"$51,525"
Acura,304 mi,42 minutes,11 mi,490 HP,Up to 5,N/A,N/A,SAE CCS DC fast charge connector,96 month/100000 miles,4W5KHNRL1RZ509702,2024,102 kWh,https://ev.com/vehicle/f8lemv,2024AcuraZDXA-SPEC,"$52,125"
Acura,304 mi,42 minutes,11 mi,490 HP,Up to 5,N/A,N/A,SAE CCS DC fast charge connector,96 month/100000 miles,4W5KHNRL2RZ510941,2024,102 kWh,https://ev.com/vehicle/wxzcv2,2024AcuraZDXA-SPEC,"$52,125"
Acura,304 mi,42 minutes,11 mi,490 HP,Up to 5,N/A,N/A,SAE CCS DC fast charge connector,96 month/100000 miles,4W5KHNRL2RZ514617,2024,102 kWh,https://ev.com/vehicle/xsbn40,2024AcuraZDXA-SPEC,"$51,525"
Acura,304 mi,42 minutes,11 mi,490 HP,Up to 5,N/A,N/A,SAE CCS DC fast charge connector,96 month/100000 miles,4W5KHNRL3RZ510544,2024,102 kWh,https://ev.com/vehicle/1mvvfr,2024AcuraZDXA-SPEC,"$52,125"
Acura,304 mi,42 minutes,11 mi,490 HP,Up to 5,N/A,N/A,SAE CCS DC fast charge connector,96 month/100000 miles,4W5KHNRL3RZ510687,2024,102 kWh,https://ev.com/vehicle/uufwnc,2024AcuraZDXA-SPEC,"$52,125"
Acura,304 mi,42 minutes,11 mi,490 HP,Up to 5,N/A,N/A,SAE CCS DC fast charge connector,96 month/100000 miles,4W5KHNRL4RZ510519,2024,102 kWh,https://ev.com/vehicle/3fvoos,2024AcuraZDXA-SPEC,"$52,125"
Acura,304 mi,42 minutes,11 mi,490 HP,Up to 5,N/A,N/A,SAE CCS DC fast charge connector,96 month/100000 miles,4W5KHNRL4RZ510603,2024,102 kWh,https://ev.com/vehicle/bd9h1u,2024AcuraZDXA-SPEC,"$52,125"
Acura,304 mi,42 minutes,11 mi,490 HP,Up to 5,N/A,N/A,SAE CCS DC fast charge connector,96 month/100000 miles,4W5KHNRL4RZ510973,2024,102 kWh,https://ev.com/vehicle/7n5gdu,2024AcuraZDXA-SPEC,"$52,125"
Acura,304 mi,42 minutes,11 mi,490 HP,Up to 5,N/A,N/A,SAE CCS DC fast charge connector,96 month/100000 miles,4W5KHNRL5RZ508147,2024,102 kWh,https://ev.com/vehicle/hfq8iz,2024AcuraZDXA-SPEC,"$52,125"
Acura,304 mi,42 minutes,11 mi,490 HP,Up to 5,N/A,N/A,SAE CCS DC fast charge connector,96 month/100000 miles,4W5KHNRL5RZ510285,2024,102 kWh,https://ev.com/vehicle/rffzcu,2024AcuraZDXA-SPEC,"$52,125"
Acura,304 mi,42 minutes,11 mi,490 HP,Up to 5,N/A,N/A,SAE CCS DC fast charge connector,96 month/100000 miles,4W5KHNRL5RZ510299,2024,102 kWh,https://ev.com/vehicle/99ufra,2024AcuraZDXA-SPEC,"$52,125"
Acura,304 mi,42 minutes,11 mi,490 HP,Up to 5,N/A,N/A,SAE CCS DC fast charge connector,96 month/100000 miles,4W5KHNRL5RZ510710,2024,102 kWh,https://ev.com/vehicle/b5qnix,2024AcuraZDXA-SPEC,"$52,125"
Acura,304 mi,42 minutes,11 mi,490 HP,Up to 5,N/A,N/A,SAE CCS DC fast charge connector,96 month/100000 miles,4W5KHNRL5RZ510934,2024,102 kWh,https://ev.com/vehicle/wy8cuq,2024AcuraZDXA-SPEC,"$52,125"
Acura,304 mi,42 minutes,11 mi,490 HP,Up to 5,N/A,N/A,SAE CCS DC fast charge connector,96 month/100000 miles,4W5KHNRL5RZ510948,2024,102 kWh,https://ev.com/vehicle/xti6k3,2024AcuraZDXA-SPEC,"$52,125"
Acura,304 mi,42 minutes,11 mi,490 HP,Up to 5,N/A,N/A,SAE CCS DC fast charge connector,96 month/100000 miles,4W5KHNRL6RZ510005,2024,102 kWh,https://ev.com/vehicle/wcksus,2024AcuraZDXA-SPEC,"$52,125"
Acura,304 mi,42 minutes,11 mi,490 HP,Up to 5,N/A,N/A,SAE CCS DC fast charge connector,96 month/100000 miles,4W5KHNRLXRZ517040,2024,102 kWh,https://ev.com/vehicle/oy46n0,2024AcuraZDXA-SPEC,"$52,125"
Acura,278 mi,42 minutes,11 mi,499 HP,Up to 5,N/A,N/A,SAE CCS DC fast charge connector,96 month/100000 miles,4W5XHPRL2RZ517616,2024,102 kWh,https://ev.com/vehicle/n0dh86,2024AcuraZDXType S,"$57,125"
Acura,278 mi,42 minutes,11 mi,499 HP,Up to 5,N/A,N/A,SAE CCS DC fast charge connector,96 month/100000 miles,4W5XHPRL4RZ516001,2024,102 kWh,https://ev.com/vehicle/47d483,2024AcuraZDXType S,"$57,125"
Acura,304 mi,42 minutes,11 mi,490 HP,Up to 5,N/A,N/A,SAE CCS DC fast charge connector,96 month/100000 miles,4W5KHNRL1RZ516732,2024,102 kWh,https://ev.com/vehicle/e08lum,2024AcuraZDXA-SPEC,"$51,525"
Acura,304 mi,42 minutes,11 mi,490 HP,Up to 5,N/A,N/A,SAE CCS DC fast charge connector,96 month/100000 miles,4W5KHNRL3RZ519034,2024,102 kWh,https://ev.com/vehicle/yibfjs,2024AcuraZDXA-SPEC,"$52,125"
Acura,304 mi,42 minutes,11 mi,490 HP,Up to 5,N/A,N/A,SAE CCS DC fast charge connector,96 month/100000 miles,4W5KHNRL3RZ519440,2024,102 kWh,https://ev.com/vehicle/94i93s,2024AcuraZDXA-SPEC,"$52,125"
Acura,304 mi,42 minutes,11 mi,490 HP,Up to 5,N/A,N/A,SAE CCS DC fast charge connector,96 month/100000 miles,4W5KHNRL5RZ512053,2024,102 kWh,https://ev.com/vehicle/y7al79,2024AcuraZDXA-SPEC,"$51,525"
Acura,304 mi,42 minutes,11 mi,490 HP,Up to 5,N/A,N/A,SAE CCS DC fast charge connector,96 month/100000 miles,4W5KHNRL5RZ512084,2024,102 kWh,https://ev.com/vehicle/zlckdw,2024AcuraZDXA-SPEC,"$52,125"
Acura,304 mi,42 minutes,11 mi,490 HP,Up to 5,N/A,N/A,SAE CCS DC fast charge connector,96 month/100000 miles,4W5KHNRL6RZ509470,2024,102 kWh,https://ev.com/vehicle/4oj5la,2024AcuraZDXA-SPEC,"$52,125"
Acura,304 mi,42 minutes,11 mi,490 HP,Up to 5,N/A,N/A,SAE CCS DC fast charge connector,96 month/100000 miles,4W5KHNRL9RZ515540,2024,102 kWh,https://ev.com/vehicle/5u7pdd,2024AcuraZDXA-SPEC,"$52,125"
Acura,304 mi,42 minutes,11 mi,490 HP,Up to 5,N/A,N/A,SAE CCS DC fast charge connector,96 month/100000 miles,4W5KHNRL1RZ510817,2024,102 kWh,https://ev.com/vehicle/hgpkwq,2024AcuraZDXA-SPEC,"$52,125"
Acura,304 mi,42 minutes,11 mi,490 HP,Up to 5,N/A,N/A,SAE CCS DC fast charge connector,96 month/100000 miles,4W5KHNRL3RZ510477,2024,102 kWh,https://ev.com/vehicle/te4757,2024AcuraZDXA-SPEC,"$52,125"
Acura,304 mi,42 minutes,11 mi,490 HP,Up to 5,N/A,N/A,SAE CCS DC fast charge connector,96 month/100000 miles,4W5KHNRL3RZ510835,2024,102 kWh,https://ev.com/vehicle/kkqjrh,2024AcuraZDXA-SPEC,"$52,125"
Acura,304 mi,42 minutes,11 mi,490 HP,Up to 5,N/A,N/A,SAE CCS DC fast charge connector,96 month/100000 miles,4W5KHNRL3RZ510849,2024,102 kWh,https://ev.com/vehicle/gk4ayx,2024AcuraZDXA-SPEC,"$52,125"
Acura,304 mi,42 minutes,11 mi,490 HP,Up to 5,N/A,N/A,SAE CCS DC fast charge connector,96 month/100000 miles,4W5KHNRL3RZ511726,2024,102 kWh,https://ev.com/vehicle/zhbzxi,2024AcuraZDXA-SPEC,"$52,125"
Acura,304 mi,42 minutes,11 mi,490 HP,Up to 5,N/A,N/A,SAE CCS DC fast charge connector,96 month/100000 miles,4W5KHNRL3RZ512746,2024,102 kWh,https://ev.com/vehicle/qcagjy,2024AcuraZDXA-SPEC,"$51,525"
Acura,304 mi,42 minutes,11 mi,490 HP,Up to 5,N/A,N/A,SAE CCS DC fast charge connector,96 month/100000 miles,4W5KHNRL5RZ511016,2024,102 kWh,https://ev.com/vehicle/dts8lg,2024AcuraZDXA-SPEC,"$52,125"
Acura,304 mi,42 minutes,11 mi,490 HP,Up to 5,N/A,N/A,SAE CCS DC fast charge connector,96 month/100000 miles,4W5KHNRL5RZ519035,2024,102 kWh,https://ev.com/vehicle/hug75i,2024AcuraZDXA-SPEC,"$52,125"
Acura,304 mi,42 minutes,11 mi,490 HP,Up to 5,N/A,N/A,SAE CCS DC fast charge connector,96 month/100000 miles,4W5KHNRL6RZ508111,2024,102 kWh,https://ev.com/vehicle/119wyh,2024AcuraZDXA-SPEC,"$52,125"
Acura,304 mi,42 minutes,15 mi,490 HP,Up to 5,N/A,N/A,SAE CCS DC fast charge connector,96 month/100000 miles,4W5KHNRL6RZ509646,2024,102 kWh,https://ev.com/vehicle/8ogh5f,2024AcuraZDXA-SPEC,"$52,125"
Acura,304 mi,42 minutes,5 mi,490 HP,Up to 5,Mercury Silver Metallic,Ebony,SAE CCS DC fast charge connector,96 month/100000 miles,4W5KHNRL9RZ506711,2024,102 kWh,https://ev.com/vehicle/4w63ng,2024AcuraZDXA-SPEC,"$51,525"
Acura,313 mi,42 minutes,5 mi,358 HP,Up to 5,Snowfall Pearl,Red,SAE CCS DC fast charge connector,96 month/100000 miles,4W5KHMRK1RZ513668,2024,102 kWh,https://ev.com/vehicle/3ca70m,2024AcuraZDXA-SPEC,"$49,690"
Acura,304 mi,42 minutes,5 mi,490 HP,Up to 5,Cosmic Black Metallic,Red,SAE CCS DC fast charge connector,96 month/100000 miles,4W5KHNRL5RZ518340,2024,102 kWh,https://ev.com/vehicle/wcjif3,2024AcuraZDXA-SPEC,"$52,125"
Acura,313 mi,42 minutes,4 mi,358 HP,Up to 5,Red,Ebony,SAE CCS DC fast charge connector,96 month/100000 miles,4W5KHMRK0RZ516061,2024,102 kWh,https://ev.com/vehicle/a9y54d,2024AcuraZDXA-SPEC,"$49,690"
Acura,304 mi,42 minutes,6 mi,490 HP,Up to 5,Silver,Ebony,SAE CCS DC fast charge connector,96 month/100000 miles,4W5KHNRL8RZ513018,2024,102 kWh,https://ev.com/vehicle/psiza9,2024AcuraZDXA-SPEC,"$51,525"
Acura,304 mi,42 minutes,4 mi,490 HP,Up to 5,N/A,N/A,SAE CCS DC fast charge connector,96 month/100000 miles,4W5KHNRL0RZ516849,2024,102 kWh,https://ev.com/vehicle/u88uvy,2024AcuraZDXA-SPEC,"$52,125"
Acura,304 mi,42 minutes,4 mi,490 HP,Up to 5,N/A,N/A,SAE CCS DC fast charge connector,96 month/100000 miles,4W5KHNRL2RZ508056,2024,102 kWh,https://ev.com/vehicle/mypusj,2024AcuraZDXA-SPEC,"$52,125"
Acura,304 mi,42 minutes,11 mi,490 HP,Up to 5,N/A,N/A,SAE CCS DC fast charge connector,96 month/100000 miles,4W5KHNRL0RZ508959,2024,102 kWh,https://ev.com/vehicle/xc08kg,2024AcuraZDXA-SPEC,"$51,525"
Acura,313 mi,42 minutes,11 mi,358 HP,Up to 5,N/A,N/A,SAE CCS DC fast charge connector,96 month/100000 miles,4W5KHMRK7RZ518051,2024,102 kWh,https://ev.com/vehicle/6h5148,2024AcuraZDXA-SPEC,"$48,125"
Acura,304 mi,42 minutes,11 mi,490 HP,Up to 5,N/A,N/A,SAE CCS DC fast charge connector,96 month/100000 miles,4W5KHNRL0RZ509576,2024,102 kWh,https://ev.com/vehicle/x50ocd,2024AcuraZDXA-SPEC,"$51,525"
Acura,304 mi,42 minutes,11 mi,490 HP,Up to 5,N/A,N/A,SAE CCS DC fast charge connector,96 month/100000 miles,4W5KHNRL0RZ517886,2024,102 kWh,https://ev.com/vehicle/g9i11n,2024AcuraZDXA-SPEC,"$51,525"
Acura,304 mi,42 minutes,8 mi,490 HP,Up to 5,N/A,N/A,SAE CCS DC fast charge connector,96 month/100000 miles,4W5KHNRL1RZ517363,2024,102 kWh,https://ev.com/vehicle/fti7up,2024AcuraZDXA-SPEC,"$52,125"
Acura,304 mi,42 minutes,11 mi,490 HP,Up to 5,N/A,N/A,SAE CCS DC fast charge connector,96 month/100000 miles,4W5KHNRL2RZ509563,2024,102 kWh,https://ev.com/vehicle/340v8g,2024AcuraZDXA-SPEC,"$52,125"
Acura,304 mi,42 minutes,11 mi,490 HP,Up to 5,N/A,N/A,SAE CCS DC fast charge connector,96 month/100000 miles,4W5KHNRL2RZ512320,2024,102 kWh,https://ev.com/vehicle/4wug3q,2024AcuraZDXA-SPEC,"$51,525"
Acura,304 mi,42 minutes,11 mi,490 HP,Up to 5,N/A,N/A,SAE CCS DC fast charge connector,96 month/100000 miles,4W5KHNRL2RZ512768,2024,102 kWh,https://ev.com/vehicle/dgv6h2,2024AcuraZDXA-SPEC,"$51,525"
Acura,304 mi,42 minutes,11 mi,490 HP,Up to 5,N/A,N/A,SAE CCS DC fast charge connector,96 month/100000 miles,4W5KHNRL3RZ508860,2024,102 kWh,https://ev.com/vehicle/kw7to6,2024AcuraZDXA-SPEC,"$52,125"
Acura,304 mi,42 minutes,11 mi,490 HP,Up to 5,N/A,N/A,SAE CCS DC fast charge connector,96 month/100000 miles,4W5KHNRL3RZ510690,2024,102 kWh,https://ev.com/vehicle/cjvegn,2024AcuraZDXA-SPEC,"$52,125"
Acura,304 mi,42 minutes,11 mi,490 HP,Up to 5,N/A,N/A,SAE CCS DC fast charge connector,96 month/100000 miles,4W5KHNRL3RZ511032,2024,102 kWh,https://ev.com/vehicle/trnj55,2024AcuraZDXA-SPEC,"$52,125"
Acura,304 mi,42 minutes,11 mi,490 HP,Up to 5,N/A,N/A,SAE CCS DC fast charge connector,96 month/100000 miles,4W5KHNRL4RZ509807,2024,102 kWh,https://ev.com/vehicle/k8x77j,2024AcuraZDXA-SPEC,"$52,125"
Acura,304 mi,42 minutes,11 mi,490 HP,Up to 5,N/A,N/A,SAE CCS DC fast charge connector,96 month/100000 miles,4W5KHNRL4RZ511069,2024,102 kWh,https://ev.com/vehicle/kvqgc2,2024AcuraZDXA-SPEC,"$52,125"
Acura,304 mi,42 minutes,11 mi,490 HP,Up to 5,N/A,N/A,SAE CCS DC fast charge connector,96 month/100000 miles,4W5KHNRL4RZ511198,2024,102 kWh,https://ev.com/vehicle/a1jw1j,2024AcuraZDXA-SPEC,"$52,125"
Acura,304 mi,42 minutes,11 mi,490 HP,Up to 5,N/A,N/A,SAE CCS DC fast charge connector,96 month/100000 miles,4W5KHNRL5RZ512148,2024,102 kWh,https://ev.com/vehicle/poukk8,2024AcuraZDXA-SPEC,"$52,125"
Acura,304 mi,42 minutes,11 mi,490 HP,Up to 5,N/A,N/A,SAE CCS DC fast charge connector,96 month/100000 miles,4W5KHNRL5RZ512361,2024,102 kWh,https://ev.com/vehicle/ozdg33,2024AcuraZDXA-SPEC,"$51,525"
Acura,304 mi,42 minutes,11 mi,490 HP,Up to 5,N/A,N/A,SAE CCS DC fast charge connector,96 month/100000 miles,4W5KHNRL5RZ514594,2024,102 kWh,https://ev.com/vehicle/9323z1,2024AcuraZDXA-SPEC,"$51,525"
Acura,304 mi,42 minutes,11 mi,490 HP,Up to 5,N/A,N/A,SAE CCS DC fast charge connector,96 month/100000 miles,4W5KHNRL6RZ510697,2024,102 kWh,https://ev.com/vehicle/1k5seu,2024AcuraZDXA-SPEC,"$52,125"
Acura,304 mi,42 minutes,11 mi,490 HP,Up to 5,N/A,N/A,SAE CCS DC fast charge connector,96 month/100000 miles,4W5KHNRL6RZ510778,2024,102 kWh,https://ev.com/vehicle/z5yan1,2024AcuraZDXA-SPEC,"$52,125"
Acura,304 mi,42 minutes,11 mi,490 HP,Up to 5,N/A,N/A,SAE CCS DC fast charge connector,96 month/100000 miles,4W5KHNRL6RZ511025,2024,102 kWh,https://ev.com/vehicle/z89kxn,2024AcuraZDXA-SPEC,"$52,125"
Acura,304 mi,42 minutes,11 mi,490 HP,Up to 5,N/A,N/A,SAE CCS DC fast charge connector,96 month/100000 miles,4W5KHNRL8RZ510636,2024,102 kWh,https://ev.com/vehicle/svs9jg,2024AcuraZDXA-SPEC,"$52,125"
Acura,278 mi,42 minutes,11 mi,499 HP,Up to 5,N/A,N/A,SAE CCS DC fast charge connector,96 month/100000 miles,4W5XHPRL1RZ514478,2024,102 kWh,https://ev.com/vehicle/x9y99q,2024AcuraZDXType S,"$57,125"
Acura,278 mi,42 minutes,11 mi,499 HP,Up to 5,N/A,N/A,SAE CCS DC fast charge connector,96 month/100000 miles,4W5XHPRL1RZ518028,2024,102 kWh,https://ev.com/vehicle/flewx5,2024AcuraZDXType S,"$57,125"
Acura,278 mi,42 minutes,11 mi,499 HP,Up to 5,N/A,N/A,SAE CCS DC fast charge connector,96 month/100000 miles,4W5XHPRL5RZ515407,2024,102 kWh,https://ev.com/vehicle/rogczq,2024AcuraZDXType S,"$57,125"
Acura,278 mi,42 minutes,11 mi,499 HP,Up to 5,N/A,N/A,SAE CCS DC fast charge connector,96 month/100000 miles,4W5XHPRL5RZ516301,2024,102 kWh,https://ev.com/vehicle/8s22rq,2024AcuraZDXType S,"$56,525"
Acura,278 mi,42 minutes,11 mi,499 HP,Up to 5,N/A,N/A,SAE CCS DC fast charge connector,96 month/100000 miles,4W5XHPRL6RZ516212,2024,102 kWh,https://ev.com/vehicle/58801c,2024AcuraZDXType S,"$57,125"
Acura,278 mi,42 minutes,11 mi,499 HP,Up to 5,N/A,N/A,SAE CCS DC fast charge connector,96 month/100000 miles,4W5XHPRL9RZ515829,2024,102 kWh,https://ev.com/vehicle/mokj8o,2024AcuraZDXType S,"$57,125"
Acura,278 mi,42 minutes,11 mi,499 HP,Up to 5,N/A,N/A,SAE CCS DC fast charge connector,96 month/100000 miles,4W5XHPRLXRZ515855,2024,102 kWh,https://ev.com/vehicle/s63t3c,2024AcuraZDXType S,"$57,125"
Acura,304 mi,42 minutes,3 mi,490 HP,Up to 5,Blue,Orchid,SAE CCS DC fast charge connector,96 month/100000 miles,4W5KHNRL4RZ504901,2024,102 kWh,https://ev.com/vehicle/llqtg2,2024AcuraZDXA-SPEC,"$50,775"
Acura,278 mi,42 minutes,3 mi,499 HP,Up to 5,Black,Red,SAE CCS DC fast charge connector,96 month/100000 miles,4W5XHPRL4RZ518850,2024,102 kWh,https://ev.com/vehicle/akylt2,2024AcuraZDXType S,"$55,775"
Acura,313 mi,42 minutes,3 mi,358 HP,Up to 5,Red,Orchid,SAE CCS DC fast charge connector,96 month/100000 miles,4W5KHMRK6RZ509289,2024,102 kWh,https://ev.com/vehicle/l694e7,2024AcuraZDXA-SPEC,"$48,125"
Acura,313 mi,42 minutes,3 mi,358 HP,Up to 5,Blue,Orchid,SAE CCS DC fast charge connector,96 month/100000 miles,4W5KHMRK0RZ515721,2024,102 kWh,https://ev.com/vehicle/5rgjrr,2024AcuraZDXA-SPEC,"$48,125"
Acura,313 mi,42 minutes,9 mi,358 HP,Up to 5,Red,Ebony,SAE CCS DC fast charge connector,96 month/100000 miles,4W5KHMRK1RZ510592,2024,102 kWh,https://ev.com/vehicle/am7922,2024AcuraZDXA-SPEC,"$48,125"
Acura,313 mi,42 minutes,3 mi,358 HP,Up to 5,Red,Orchid,SAE CCS DC fast charge connector,96 month/100000 miles,4W5KHMRK1RZ515971,2024,102 kWh,https://ev.com/vehicle/ghstgi,2024AcuraZDXA-SPEC,"$48,125"
Acura,313 mi,42 minutes,3 mi,358 HP,Up to 5,Silver,Red,SAE CCS DC fast charge connector,96 month/100000 miles,4W5KHMRK2RZ515753,2024,102 kWh,https://ev.com/vehicle/5dcixv,2024AcuraZDXA-SPEC,"$47,525"
Acura,313 mi,42 minutes,3 mi,358 HP,Up to 5,Black,Ebony,SAE CCS DC fast charge connector,96 month/100000 miles,4W5KHMRK2RZ517518,2024,102 kWh,https://ev.com/vehicle/ntfvkw,2024AcuraZDXA-SPEC,"$48,125"
Acura,313 mi,42 minutes,8 mi,358 HP,Up to 5,Red,Ebony,SAE CCS DC fast charge connector,96 month/100000 miles,4W5KHMRK3RZ514577,2024,102 kWh,https://ev.com/vehicle/ub9dgz,2024AcuraZDXA-SPEC,"$48,125"
Acura,313 mi,42 minutes,3 mi,358 HP,Up to 5,Red,Ebony,SAE CCS DC fast charge connector,96 month/100000 miles,4W5KHMRK4RZ515642,2024,102 kWh,https://ev.com/vehicle/t9kc28,2024AcuraZDXA-SPEC,"$48,125"
Acura,313 mi,42 minutes,3 mi,358 HP,Up to 5,Red,Ebony,SAE CCS DC fast charge connector,96 month/100000 miles,4W5KHMRK8RZ515692,2024,102 kWh,https://ev.com/vehicle/cz49ub,2024AcuraZDXA-SPEC,"$48,125"
Acura,304 mi,42 minutes,3 mi,490 HP,Up to 5,Red,Ebony,SAE CCS DC fast charge connector,96 month/100000 miles,4W5KHNRL2RZ512687,2024,102 kWh,https://ev.com/vehicle/apt0z3,2024AcuraZDXA-SPEC,"$52,125"
Acura,304 mi,42 minutes,3 mi,490 HP,Up to 5,White,Red,SAE CCS DC fast charge connector,96 month/100000 miles,4W5KHNRL7RZ515004,2024,102 kWh,https://ev.com/vehicle/cxyqd6,2024AcuraZDXA-SPEC,"$52,125"
Acura,313 mi,42 minutes,3 mi,358 HP,Up to 5,White,Ebony,SAE CCS DC fast charge connector,96 month/100000 miles,4W5KHMRK0RZ516738,2024,102 kWh,https://ev.com/vehicle/46cqzd,2024AcuraZDXA-SPEC,"$48,125"
Acura,313 mi,42 minutes,3 mi,358 HP,Up to 5,White,Ebony,SAE CCS DC fast charge connector,96 month/100000 miles,4W5KHMRK8RZ517958,2024,102 kWh,https://ev.com/vehicle/5shb0m,2024AcuraZDXA-SPEC,"$49,690"
Acura,313 mi,42 minutes,3 mi,358 HP,Up to 5,White,Orchid,SAE CCS DC fast charge connector,96 month/100000 miles,4W5KHMRK2RZ515140,2024,102 kWh,https://ev.com/vehicle/vlkshh,2024AcuraZDXA-SPEC,"$49,690"
Acura,313 mi,42 minutes,3 mi,358 HP,Up to 5,White,Red,SAE CCS DC fast charge connector,96 month/100000 miles,4W5KHMRK3RZ516913,2024,102 kWh,https://ev.com/vehicle/6vl3kq,2024AcuraZDXA-SPEC,"$49,690"
Acura,278 mi,42 minutes,3 mi,499 HP,Up to 5,Black,Ebony,SAE CCS DC fast charge connector,96 month/100000 miles,4W5XHPRL4RZ516130,2024,102 kWh,https://ev.com/vehicle/5itbfb,2024AcuraZDXType S,"$58,690"
Acura,313 mi,42 minutes,4 mi,358 HP,Up to 5,White,Ebony,SAE CCS DC fast charge connector,96 month/100000 miles,4W5KHMRK8RZ515773,2024,102 kWh,https://ev.com/vehicle/me11sl,2024AcuraZDXA-SPEC,"$49,690"
Acura,313 mi,42 minutes,5 mi,358 HP,Up to 5,Scarlet Red Metallic,Orchid,SAE CCS DC fast charge connector,96 month/100000 miles,4W5KHMRK0RZ511734,2024,102 kWh,https://ev.com/vehicle/1pw01k,2024AcuraZDXA-SPEC,"$49,690"
Acura,304 mi,42 minutes,5 mi,490 HP,Up to 5,Snowfall Pearl,Ebony,SAE CCS DC fast charge connector,96 month/100000 miles,4W5KHNRL1RZ508369,2024,102 kWh,https://ev.com/vehicle/8immws,2024AcuraZDXA-SPEC,"$52,125"
Acura,304 mi,42 minutes,5 mi,490 HP,Up to 5,Snowfall Pearl,Orchid,SAE CCS DC fast charge connector,96 month/100000 miles,4W5KHNRL0RZ514311,2024,102 kWh,https://ev.com/vehicle/nmt7pl,2024AcuraZDXA-SPEC,"$52,125"
Acura,313 mi,42 minutes,11 mi,358 HP,Up to 5,N/A,N/A,SAE CCS DC fast charge connector,96 month/100000 miles,4W5KHMRK3RZ511372,2024,102 kWh,https://ev.com/vehicle/skwjm1,2024AcuraZDXA-SPEC,"$48,125"
Acura,313 mi,42 minutes,N/A,358 HP,Up to 5,Black,Ebony,SAE CCS DC fast charge connector,96 month/100000 miles,4W5KHMRK9RZ516334,2024,102 kWh,https://ev.com/vehicle/q7z8zl,2024AcuraZDXA-SPEC,"$49,690"
Acura,313 mi,42 minutes,5 mi,358 HP,Up to 5,Snowfall Pearl,Ebony,SAE CCS DC fast charge connector,96 month/100000 miles,4W5KHMRK8RZ514543,2024,102 kWh,https://ev.com/vehicle/nuyytp,2024AcuraZDXA-SPEC,"$48,125"
Acura,304 mi,42 minutes,3 mi,490 HP,Up to 5,Mercury Silver Metallic,Red,SAE CCS DC fast charge connector,96 month/100000 miles,4W5KHNRL5RZ509752,2024,102 kWh,https://ev.com/vehicle/59bfx1,2024AcuraZDXA-SPEC,"$51,525"
Acura,304 mi,42 minutes,3 mi,490 HP,Up to 5,Snowfall Pearl,Red,SAE CCS DC fast charge connector,96 month/100000 miles,4W5KHNRL6RZ513101,2024,102 kWh,https://ev.com/vehicle/29g3s2,2024AcuraZDXA-SPEC,"$53,690"
Acura,313 mi,42 minutes,5 mi,358 HP,Up to 5,Cosmic Black Metallic,Red,SAE CCS DC fast charge connector,96 month/100000 miles,4W5KHMRK2RZ519222,2024,102 kWh,https://ev.com/vehicle/e13gbq,2024AcuraZDXA-SPEC,"$48,125"
Acura,313 mi,42 minutes,5 mi,358 HP,Up to 5,Blue Abyss Metallic,Orchid,SAE CCS DC fast charge connector,96 month/100000 miles,4W5KHMRK1RZ514514,2024,102 kWh,https://ev.com/vehicle/2eexi2,2024AcuraZDXA-SPEC,"$48,125"
Acura,313 mi,42 minutes,N/A,358 HP,Up to 5,White,Orchid,SAE CCS DC fast charge connector,96 month/100000 miles,4W5KHMRK3RZ513364,2024,102 kWh,https://ev.com/vehicle/m8ot3u,2024AcuraZDXA-SPEC,"$48,125"
Acura,313 mi,42 minutes,N/A,358 HP,Up to 5,White,Red,SAE CCS DC fast charge connector,96 month/100000 miles,4W5KHMRK1RZ518109,2024,102 kWh,https://ev.com/vehicle/lbixju,2024AcuraZDXA-SPEC,"$49,690"
Acura,304 mi,42 minutes,N/A,490 HP,Up to 5,Snowfall Pearl,Red,SAE CCS DC fast charge connector,96 month/100000 miles,4W5KHNRL5RZ519357,2024,102 kWh,https://ev.com/vehicle/wz88e7,2024AcuraZDXA-SPEC,"$52,125"
Acura,313 mi,42 minutes,N/A,358 HP,Up to 5,Red,Ebony,SAE CCS DC fast charge connector,96 month/100000 miles,4W5KHMRK6RZ510443,2024,102 kWh,https://ev.com/vehicle/413sql,2024AcuraZDXA-SPEC,"$48,125"
Acura,313 mi,42 minutes,N/A,358 HP,Up to 5,White,Ebony,SAE CCS DC fast charge connector,96 month/100000 miles,4W5KHMRK0RZ515010,2024,102 kWh,https://ev.com/vehicle/hgtl2b,2024AcuraZDXA-SPEC,"$49,690"
Acura,304 mi,42 minutes,N/A,490 HP,Up to 5,White,Red,SAE CCS DC fast charge connector,96 month/100000 miles,4W5KHNRL6RZ517410,2024,102 kWh,https://ev.com/vehicle/qjai8d,2024AcuraZDXA-SPEC,"$50,690"
Acura,304 mi,42 minutes,3 mi,490 HP,Up to 5,White,Orchid,SAE CCS DC fast charge connector,96 month/100000 miles,4W5KHNRL5RZ514921,2024,102 kWh,https://ev.com/vehicle/0ukje7,2024AcuraZDXA-SPEC,"$52,125"
Acura,304 mi,42 minutes,3 mi,490 HP,Up to 5,Blue,Orchid,SAE CCS DC fast charge connector,96 month/100000 miles,4W5KHNRL8RZ514380,2024,102 kWh,https://ev.com/vehicle/fhpm3t,2024AcuraZDXA-SPEC,"$52,125"
Acura,304 mi,42 minutes,"96,353 mi",490 HP,Up to 5,White,Red,SAE CCS DC fast charge connector,96 month/100000 miles,4W5KHNRL8RZ516131,2024,102 kWh,https://ev.com/vehicle/xtjqxi,2024AcuraZDXA-SPEC,"$52,125"
Acura,304 mi,42 minutes,3 mi,490 HP,Up to 5,White,Red,SAE CCS DC fast charge connector,96 month/100000 miles,4W5KHNRL8RZ517179,2024,102 kWh,https://ev.com/vehicle/hzm0kf,2024AcuraZDXA-SPEC,"$52,125"
Acura,304 mi,42 minutes,3 mi,490 HP,Up to 5,White,Orchid,SAE CCS DC fast charge connector,96 month/100000 miles,4W5KHNRL9RZ514341,2024,102 kWh,https://ev.com/vehicle/vexpme,2024AcuraZDXA-SPEC,"$52,125"
Acura,304 mi,42 minutes,3 mi,490 HP,Up to 5,Red,Orchid,SAE CCS DC fast charge connector,96 month/100000 miles,4W5KHNRLXRZ513960,2024,102 kWh,https://ev.com/vehicle/yjsi6q,2024AcuraZDXA-SPEC,"$52,125"
Acura,313 mi,42 minutes,N/A,358 HP,Up to 5,Black,Ebony,SAE CCS DC fast charge connector,96 month/100000 miles,4W5KHMRK3RZ509170,2024,102 kWh,https://ev.com/vehicle/tyqhdg,2024AcuraZDXA-SPEC,"$45,125"
Acura,304 mi,42 minutes,N/A,490 HP,Up to 5,Silver,Red,SAE CCS DC fast charge connector,96 month/100000 miles,4W5KHNRL8RZ508157,2024,102 kWh,https://ev.com/vehicle/rhewmt,2024AcuraZDXA-SPEC,"$48,525"
Acura,304 mi,42 minutes,N/A,490 HP,Up to 5,White,Ebony,SAE CCS DC fast charge connector,96 month/100000 miles,4W5KHNRL9RZ513965,2024,102 kWh,https://ev.com/vehicle/hjfwft,2024AcuraZDXA-SPEC,"$53,690"
Acura,304 mi,42 minutes,N/A,490 HP,Up to 5,Silver,Ebony,SAE CCS DC fast charge connector,96 month/100000 miles,4W5KHNRLXRZ518379,2024,102 kWh,https://ev.com/vehicle/2qwje5,2024AcuraZDXA-SPEC,"$51,525"
Acura,304 mi,42 minutes,N/A,490 HP,Up to 5,White,Ebony,SAE CCS DC fast charge connector,96 month/100000 miles,4W5KHNRL0RZ504636,2024,102 kWh,https://ev.com/vehicle/5te2d0,2024AcuraZDXA-SPEC,"$50,775"
Acura,313 mi,42 minutes,N/A,358 HP,Up to 5,Blue,Ebony,SAE CCS DC fast charge connector,96 month/100000 miles,4W5KHMRK9RZ516446,2024,102 kWh,https://ev.com/vehicle/burj3x,2024AcuraZDXA-SPEC,"$48,125"
Acura,304 mi,42 minutes,N/A,490 HP,Up to 5,Blue,Ebony,SAE CCS DC fast charge connector,96 month/100000 miles,4W5KHNRL3RZ514285,2024,102 kWh,https://ev.com/vehicle/b3rhgn,2024AcuraZDXA-SPEC,"$52,125"
Acura,304 mi,42 minutes,N/A,490 HP,Up to 5,Black,Ebony,SAE CCS DC fast charge connector,96 month/100000 miles,4W5KHNRL6RZ514054,2024,102 kWh,https://ev.com/vehicle/h50lv9,2024AcuraZDXA-SPEC,"$52,125"
Acura,313 mi,42 minutes,N/A,358 HP,Up to 5,White,Orchid,SAE CCS DC fast charge connector,96 month/100000 miles,4W5KHMRK5RZ515133,2024,102 kWh,https://ev.com/vehicle/nbhc3t,2024AcuraZDXA-SPEC,"$49,690"
Acura,304 mi,42 minutes,N/A,490 HP,Up to 5,White,Orchid,SAE CCS DC fast charge connector,96 month/100000 miles,4W5KHNRL9RZ510824,2024,102 kWh,https://ev.com/vehicle/qvvjdf,2024AcuraZDXA-SPEC,"$52,125"
Acura,304 mi,42 minutes,N/A,490 HP,Up to 5,White,Ebony,SAE CCS DC fast charge connector,96 month/100000 miles,4W5KHNRLXRZ511156,2024,102 kWh,https://ev.com/vehicle/glbc1v,2024AcuraZDXA-SPEC,"$53,690"
Acura,313 mi,42 minutes,N/A,358 HP,Up to 5,Blue,Orchid,SAE CCS DC fast charge connector,96 month/100000 miles,4W5KHMRK1RZ516098,2024,102 kWh,https://ev.com/vehicle/7u0grc,2024AcuraZDXA-SPEC,"$48,125"
Acura,313 mi,42 minutes,N/A,358 HP,Up to 5,Black,Red,SAE CCS DC fast charge connector,96 month/100000 miles,4W5KHMRK4RZ518492,2024,102 kWh,https://ev.com/vehicle/cs7n6n,2024AcuraZDXA-SPEC,"$48,125"
Acura,304 mi,42 minutes,N/A,490 HP,Up to 5,Silver,Red,SAE CCS DC fast charge connector,96 month/100000 miles,4W5KHNRL5RZ513994,2024,102 kWh,https://ev.com/vehicle/pdnafd,2024AcuraZDXA-SPEC,"$51,525"
Acura,313 mi,42 minutes,11 mi,358 HP,Up to 5,N/A,N/A,SAE CCS DC fast charge connector,96 month/100000 miles,4W5KHMRK8RZ519516,2024,102 kWh,https://ev.com/vehicle/f4snea,2024AcuraZDXA-SPEC,"$48,125"
Acura,304 mi,42 minutes,11 mi,490 HP,Up to 5,N/A,N/A,SAE CCS DC fast charge connector,96 month/100000 miles,4W5KHNRL9RZ513464,2024,102 kWh,https://ev.com/vehicle/6y65rk,2024AcuraZDXA-SPEC,"$52,125"
Acura,313 mi,42 minutes,4 mi,358 HP,Up to 5,N/A,N/A,SAE CCS DC fast charge connector,96 month/100000 miles,4W5KHMRK9RZ515040,2024,102 kWh,https://ev.com/vehicle/0xgszl,2024AcuraZDXA-SPEC,"$48,125"
Acura,304 mi,42 minutes,9 mi,490 HP,Up to 5,N/A,N/A,SAE CCS DC fast charge connector,96 month/100000 miles,4W5KHNRL6RZ516614,2024,102 kWh,https://ev.com/vehicle/bapoa8,2024AcuraZDXA-SPEC,"$52,125"
Acura,304 mi,42 minutes,3 mi,490 HP,Up to 5,Scarlet Red Metallic,Orchid,SAE CCS DC fast charge connector,96 month/100000 miles,4W5KHNRL4RZ509371,2024,102 kWh,https://ev.com/vehicle/38ras6,2024AcuraZDXA-SPEC,"$53,690"
Alfa Romeo,35 mi,N/A,5 mi,180 HP,Up to 5,White,Blk Perforated Lth Seat,N/A,96 month/80000 miles,ZASPATCW0R3041872,2024,15.5 kWh,https://ev.com/vehicle/snhcod,2024Alfa RomeoTonaleTi EAWD,"$45,531"
Alfa Romeo,35 mi,N/A,5 mi,180 HP,Up to 5,White,Tan/Blk Sport Clth Seat W,N/A,96 month/80000 miles,ZASPATCW0R3082017,2024,15.5 kWh,https://ev.com/vehicle/9gl7pa,2024Alfa RomeoTonaleTi EAWD,"$42,158"
Alfa Romeo,35 mi,N/A,5 mi,180 HP,Up to 5,N/A,Tan/Blk Sport Clth Seat W,N/A,96 month/80000 miles,ZASPATCW9R3056788,2024,15.5 kWh,https://ev.com/vehicle/pmh7q3,2024Alfa RomeoTonaleTi EAWD,"$41,873"
Alfa Romeo,35 mi,N/A,5 mi,180 HP,Up to 5,N/A,Blk Perforated Lth Seat,N/A,96 month/80000 miles,ZASPATSW4R3077453,2024,15.5 kWh,https://ev.com/vehicle/nh07vy,2024Alfa RomeoTonaleSpeciale EAWD,"$47,098"
Alfa Romeo,35 mi,N/A,122 mi,180 HP,Up to 5,White,Black,N/A,96 month/80000 miles,ZASPATDWXR3041229,2024,15.5 kWh,https://ev.com/vehicle/uct2af,2024Alfa RomeoTonaleVeloce EAWD,"$41,675"
Alfa Romeo,35 mi,N/A,5 mi,180 HP,Up to 5,Blue,Tan/Blk Sport Clth Seat W,N/A,96 month/80000 miles,ZASPATCW0R3043279,2024,15.5 kWh,https://ev.com/vehicle/yyu0yd,2024Alfa RomeoTonaleTi EAWD,"$41,365"
Alfa Romeo,35 mi,N/A,5 mi,180 HP,Up to 5,N/A,Blk Perforated Lth Seat,N/A,96 month/80000 miles,ZASPATDWXR3042557,2024,15.5 kWh,https://ev.com/vehicle/ryyk4c,2024Alfa RomeoTonaleVeloce EAWD,"$49,735"
Alfa Romeo,35 mi,N/A,5 mi,180 HP,Up to 5,Black,Red/Blk Perforated Alcant,N/A,96 month/80000 miles,ZASPATDW5R3051456,2024,15.5 kWh,https://ev.com/vehicle/me63j6,2024Alfa RomeoTonaleVeloce EAWD,"$45,078"
Alfa Romeo,35 mi,N/A,1 mi,180 HP,Up to 5,Black,Xk,N/A,96 month/80000 miles,ZASPATAW0S3089719,2025,15.5 kWh,https://ev.com/vehicle/ayf5y3,2025Alfa RomeoTonaleEAWD,"$45,320"
Alfa Romeo,35 mi,N/A,1 mi,180 HP,Up to 5,White,Xk,N/A,96 month/80000 miles,ZASPATAW0S3089882,2025,15.5 kWh,https://ev.com/vehicle/ime0v3,2025Alfa RomeoTonaleEAWD,"$44,625"
Alfa Romeo,35 mi,N/A,1 mi,180 HP,Up to 5,Silver,Xk,N/A,96 month/80000 miles,ZASPATAW0S3090269,2025,15.5 kWh,https://ev.com/vehicle/ihfeca,2025Alfa RomeoTonaleEAWD,"$51,320"
Alfa Romeo,35 mi,N/A,1 mi,180 HP,Up to 5,Black,Xk,N/A,96 month/80000 miles,ZASPATAW1S3089650,2025,15.5 kWh,https://ev.com/vehicle/zuw7fg,2025Alfa RomeoTonaleEAWD,"$45,320"
Alfa Romeo,35 mi,N/A,1 mi,180 HP,Up to 5,White,Xk,N/A,96 month/80000 miles,ZASPATAW2S3089267,2025,15.5 kWh,https://ev.com/vehicle/pscpa5,2025Alfa RomeoTonaleEAWD,"$50,625"
Alfa Romeo,35 mi,N/A,1 mi,180 HP,Up to 5,White,Xk,N/A,96 month/80000 miles,ZASPATAW2S3089303,2025,15.5 kWh,https://ev.com/vehicle/pp4hvm,2025Alfa RomeoTonaleEAWD,"$48,625"
Alfa Romeo,35 mi,N/A,1 mi,180 HP,Up to 5,White,Xk,N/A,96 month/80000 miles,ZASPATAW2S3090841,2025,15.5 kWh,https://ev.com/vehicle/v6mzgh,2025Alfa RomeoTonaleEAWD,"$45,225"
Alfa Romeo,35 mi,N/A,1 mi,180 HP,Up to 5,White,Xk,N/A,96 month/80000 miles,ZASPATAW4S3089884,2025,15.5 kWh,https://ev.com/vehicle/4r2mk1,2025Alfa RomeoTonaleEAWD,"$44,625"
Alfa Romeo,35 mi,N/A,1 mi,180 HP,Up to 5,Blue,Xk,N/A,96 month/80000 miles,ZASPATAW3S3090489,2025,15.5 kWh,https://ev.com/vehicle/7j8wd3,2025Alfa RomeoTonaleEAWD,"$45,920"
Alfa Romeo,35 mi,N/A,1 mi,180 HP,Up to 5,White,Xk,N/A,96 month/80000 miles,ZASPATAW8S3089564,2025,15.5 kWh,https://ev.com/vehicle/ohsgjc,2025Alfa RomeoTonaleEAWD,"$44,625"
Alfa Romeo,35 mi,N/A,1 mi,180 HP,Up to 5,White,Xk,N/A,96 month/80000 miles,ZASPATAW6S3089191,2025,15.5 kWh,https://ev.com/vehicle/o8rye4,2025Alfa RomeoTonaleEAWD,"$48,625"
Alfa Romeo,35 mi,N/A,1 mi,180 HP,Up to 5,Black,Xk,N/A,96 month/80000 miles,ZASPATAW7S3088793,2025,15.5 kWh,https://ev.com/vehicle/pzgkf2,2025Alfa RomeoTonaleEAWD,"$49,320"
Alfa Romeo,35 mi,N/A,1 mi,180 HP,Up to 5,Silver,Xk,N/A,96 month/80000 miles,ZASPATAW0S3091521,2025,15.5 kWh,https://ev.com/vehicle/q9vclr,2025Alfa RomeoTonaleEAWD,"$43,920"
Alfa Romeo,35 mi,N/A,1 mi,180 HP,Up to 5,N/A,Xk,N/A,96 month/80000 miles,ZASPATAW2S3091567,2025,15.5 kWh,https://ev.com/vehicle/abvmic,2025Alfa RomeoTonaleEAWD,"$43,920"
Alfa Romeo,35 mi,N/A,1 mi,180 HP,Up to 5,Black,Xk,N/A,96 month/80000 miles,ZASPATAW2S3091651,2025,15.5 kWh,https://ev.com/vehicle/ngd8o4,2025Alfa RomeoTonaleEAWD,"$43,920"
Alfa Romeo,35 mi,N/A,1 mi,180 HP,Up to 5,White,Xk,N/A,96 month/80000 miles,ZASPATAW2S3091830,2025,15.5 kWh,https://ev.com/vehicle/rb9p6s,2025Alfa RomeoTonaleEAWD,"$43,225"
Alfa Romeo,35 mi,N/A,1 mi,180 HP,Up to 5,N/A,Xk,N/A,96 month/80000 miles,ZASPATAW4S3090534,2025,15.5 kWh,https://ev.com/vehicle/6mlcks,2025Alfa RomeoTonaleEAWD,"$50,320"
Alfa Romeo,35 mi,N/A,1 mi,180 HP,Up to 5,Black,Xk,N/A,96 month/80000 miles,ZASPATAW7S3091614,2025,15.5 kWh,https://ev.com/vehicle/a53dd6,2025Alfa RomeoTonaleEAWD,"$45,320"
Alfa Romeo,35 mi,N/A,1 mi,180 HP,Up to 5,Silver,Xk,N/A,96 month/80000 miles,ZASPATAW8S3089886,2025,15.5 kWh,https://ev.com/vehicle/oummj2,2025Alfa RomeoTonaleEAWD,"$45,320"
Alfa Romeo,35 mi,N/A,1 mi,180 HP,Up to 5,N/A,Xk,N/A,96 month/80000 miles,ZASPATAW8S3091346,2025,15.5 kWh,https://ev.com/vehicle/7cx5cz,2025Alfa RomeoTonaleEAWD,"$43,920"
Alfa Romeo,35 mi,N/A,1 mi,180 HP,Up to 5,Black,Xk,N/A,96 month/80000 miles,ZASPATAW8S3091444,2025,15.5 kWh,https://ev.com/vehicle/7469px,2025Alfa RomeoTonaleEAWD,"$43,920"
Alfa Romeo,35 mi,N/A,1 mi,180 HP,Up to 5,Black,Xk,N/A,96 month/80000 miles,ZASPATAW8S3091606,2025,15.5 kWh,https://ev.com/vehicle/vj3g6e,2025Alfa RomeoTonaleEAWD,"$43,920"
Alfa Romeo,35 mi,N/A,1 mi,180 HP,Up to 5,White,Xk,N/A,96 month/80000 miles,ZASPATAWXS3092272,2025,15.5 kWh,https://ev.com/vehicle/g0w21u,2025Alfa RomeoTonaleEAWD,"$43,225"
Alfa Romeo,35 mi,N/A,1 mi,180 HP,Up to 5,Silver,Xk,N/A,96 month/80000 miles,ZASPATAW9S3091503,2025,15.5 kWh,https://ev.com/vehicle/zhrgnz,2025Alfa RomeoTonaleEAWD,"$43,920"
Alfa Romeo,35 mi,N/A,1 mi,180 HP,Up to 5,N/A,Xc,N/A,96 month/80000 miles,ZASPATTW4S3091499,2025,15.5 kWh,https://ev.com/vehicle/a6ep8j,2025Alfa RomeoTonaleSpecial Edition Tributo Italiano EAWD,"$49,920"
Audi,258 mi,28 minutes,4 mi,335 HP,Up to 5,Pebble Gray,Black/Rock Gray Stitching,SAE CCS DC fast charge connector,96 month/100000 miles,WA1LUBFZ9SP044408,2025,82 kWh,https://ev.com/vehicle/0vpuw8,2025AudiQ4 e-tronPremium Plus 55 quattro,"$51,505"
Audi,258 mi,28 minutes,7 mi,335 HP,Up to 5,Glacier White Metallic,Black W/Rock Gray,SAE CCS DC fast charge connector,96 month/100000 miles,WA1LUBFZ9SP046241,2025,82 kWh,https://ev.com/vehicle/gzjrnj,2025AudiQ4 e-tronPremium Plus 55 quattro,"$52,160"
Audi,307 mi,21 minutes,17 mi,422 HP,Up to 5,Glacier White Metallic,Black,SAE CCS DC fast charge connector,96 month/100000 miles,WA124BGF2SA012967,2025,100 kWh,https://ev.com/vehicle/keorkt,2025AudiQ6 e-tronPremium Plus quattro,"$64,585"
Audi,N/A,N/A,N/A,N/A,N/A,N/A,N/A,N/A,N/A,N/A,N/A,N/A,https://ev.com/vehicle/o394en,2025AudiRS e-tron GTperformance,"$164,530"
Audi,258 mi,28 minutes,214 mi,335 HP,Up to 5,White,Black,SAE CCS DC fast charge connector,96 month/100000 miles,WA1LUBFZ2RP059813,2024,82 kWh,https://ev.com/vehicle/o3zlgv,2024AudiQ4 e-tronPremium Plus 55 quattro,"$30,672"
Audi,307 mi,21 minutes,418 mi,422 HP,Up to 5,Manhattan Gray Metallic,Pearl Beige,SAE CCS DC fast charge connector,96 month/100000 miles,WA134BGF9SA021329,2025,100 kWh,https://ev.com/vehicle/clfsko,2025AudiQ6 e-tronPrestige quattro,"$53,175"
Audi,310 mi,22 minutes,10 mi,302 HP,Up to 5,Manhattan Gray Metallic,Black,SAE CCS DC fast charge connector,96 month/100000 miles,WA122BGF1SA023951,2025,100 kWh,https://ev.com/vehicle/k90z9u,2025AudiQ6 e-tronPremium Plus,"$61,350"
Audi,307 mi,21 minutes,N/A,422 HP,Up to 5,Glacier White Metallic,Pearl Beige,SAE CCS DC fast charge connector,96 month/100000 miles,WA124BGF5SA035062,2025,100 kWh,https://ev.com/vehicle/qvha3t,2025AudiQ6 e-tronPremium Plus quattro,"$63,285"
Audi,307 mi,21 minutes,4 mi,422 HP,Up to 5,Glacier White Metallic,Santos Brown,SAE CCS DC fast charge connector,96 month/100000 miles,WA114BGF4SA040412,2025,100 kWh,https://ev.com/vehicle/hjhkvu,2025AudiQ6 e-tronPremium quattro,"$57,160"
Audi,275 mi,21 minutes,6 mi,483 HP,Up to 5,Mythos Black Metallic,Black,SAE CCS DC fast charge connector,96 month/100000 miles,WA135BGF8SA035932,2025,100 kWh,https://ev.com/vehicle/jprv04,2025AudiSQ6 e-tronPrestige quattro,"$72,510"
Audi,275 mi,21 minutes,11 mi,483 HP,Up to 5,Mythos Black Metallic,Black,SAE CCS DC fast charge connector,96 month/100000 miles,WA125BGF0SA012916,2025,100 kWh,https://ev.com/vehicle/yp1db1,2025AudiSQ6 e-tronPremium Plus quattro,"$71,635"
Audi,258 mi,28 minutes,15 mi,335 HP,Up to 5,Glacier White Metallic,Black W/Rock Gray,SAE CCS DC fast charge connector,96 month/100000 miles,WA12UBFZ3SP044030,2025,82 kWh,https://ev.com/vehicle/cwevx6,2025AudiQ4 Sportback e-tronPremium 55 quattro,"$52,860"
Audi,258 mi,28 minutes,6 mi,335 HP,Up to 5,Glacier White Metallic,Black W/Rock Gray,SAE CCS DC fast charge connector,96 month/100000 miles,WA13UBFZXSP042893,2025,82 kWh,https://ev.com/vehicle/3x7iuj,2025AudiQ4 Sportback e-tronPremium Plus 55 quattro,"$55,500"
Audi,258 mi,28 minutes,5 mi,335 HP,Up to 5,Pebble Gray,Parchment Beige,SAE CCS DC fast charge connector,96 month/100000 miles,WA1KUBFZXSP042288,2025,82 kWh,https://ev.com/vehicle/pmucrj,2025AudiQ4 e-tronPremium 55 quattro,"$48,205"
Audi,310 mi,22 minutes,3 mi,302 HP,Up to 5,Plasma Blue Metallic,Black,SAE CCS DC fast charge connector,96 month/100000 miles,WA122BGF5SA031485,2025,100 kWh,https://ev.com/vehicle/ixqak2,2025AudiQ6 e-tronPremium Plus,"$62,675"
Audi,307 mi,21 minutes,8 mi,422 HP,Up to 5,Mythos Black Metallic,Pearl Beige,SAE CCS DC fast charge connector,96 month/100000 miles,WA124BGF0SA017956,2025,100 kWh,https://ev.com/vehicle/28rnml,2025AudiQ6 e-tronPremium Plus quattro,"$64,675"
Audi,307 mi,21 minutes,9 mi,422 HP,Up to 5,Mythos Black Metallic,Santos Brown,SAE CCS DC fast charge connector,96 month/100000 miles,WA124BGF6SA018044,2025,100 kWh,https://ev.com/vehicle/eau7k4,2025AudiQ6 e-tronPremium Plus quattro,"$63,375"
Audi,307 mi,21 minutes,12 mi,422 HP,Up to 5,Magnet Gray,Black,SAE CCS DC fast charge connector,96 month/100000 miles,WA124BGF5SA014051,2025,100 kWh,https://ev.com/vehicle/zrmj8z,2025AudiQ6 e-tronPremium Plus quattro,"$63,990"
Audi,307 mi,21 minutes,5 mi,422 HP,Up to 5,Glacier White Metallic,Pearl Beige,SAE CCS DC fast charge connector,96 month/100000 miles,WA134BGF1SA040179,2025,100 kWh,https://ev.com/vehicle/7bddu8,2025AudiQ6 e-tronPrestige quattro,"$66,785"
Audi,307 mi,21 minutes,8 mi,422 HP,Up to 5,Plasma Blue Metallic,Black,SAE CCS DC fast charge connector,96 month/100000 miles,WA134BGF6SA039741,2025,100 kWh,https://ev.com/vehicle/swvzm4,2025AudiQ6 e-tronPrestige quattro,"$67,620"
Audi,296 mi,31 minutes,"6,900 mi",355 HP,Up to 5,Glacier White Metallic,Okapi Brown,SAE CCS DC fast charge connector,96 month/100000 miles,WA1CAAGEXRB028370,2024,114 kWh,https://ev.com/vehicle/glms3r,2024AudiQ8 e-tronS line Premium Plus quattro,"$44,675"
Audi,285 mi,31 minutes,"2,661 mi",355 HP,Up to 5,Daytona Gray Pearl Effect,Gray,SAE CCS DC fast charge connector,96 month/100000 miles,WA16ABGE4RB008893,2024,114 kWh,https://ev.com/vehicle/5hgmsw,2024AudiQ8 e-tronPrestige quattro,"$49,377"
Audi,275 mi,21 minutes,4 mi,483 HP,Up to 5,Magnet Gray,Black,SAE CCS DC fast charge connector,96 month/100000 miles,WA135BGF5SA038464,2025,100 kWh,https://ev.com/vehicle/ya9pz7,2025AudiSQ6 e-tronPrestige quattro,"$71,915"
Audi,258 mi,28 minutes,4 mi,335 HP,Up to 5,Mythos Black Metallic,Black W/Rock Gray,SAE CCS DC fast charge connector,96 month/100000 miles,WA12UBFZ0SP044602,2025,82 kWh,https://ev.com/vehicle/jheope,2025AudiQ4 Sportback e-tronPremium 55 quattro,"$53,510"
Audi,258 mi,28 minutes,3 mi,335 HP,Up to 5,Glacier White Metallic,Black W/Rock Gray,SAE CCS DC fast charge connector,96 month/100000 miles,WA12UBFZ6SP042756,2025,82 kWh,https://ev.com/vehicle/0p1okb,2025AudiQ4 Sportback e-tronPremium 55 quattro,"$52,950"
Audi,265 mi,36 minutes,"4,339 mi",201 HP,Up to 5,Glacier White Metallic,Black/Rock Gray Stitching,SAE CCS DC fast charge connector,96 month/100000 miles,WA1BCBFZ0PP062334,2023,82 kWh,https://ev.com/vehicle/92knwk,2023AudiQ4 e-tronPremium Plus 40 RWD,"$19,673"
Audi,307 mi,21 minutes,17 mi,422 HP,Up to 5,Manhattan Gray Metallic,Black,SAE CCS DC fast charge connector,96 month/100000 miles,WA124BGF0SA014412,2025,100 kWh,https://ev.com/vehicle/64uqh4,2025AudiQ6 e-tronPremium Plus quattro,"$64,585"
Audi,307 mi,21 minutes,9 mi,422 HP,Up to 5,Glacier White Metallic,Black,SAE CCS DC fast charge connector,96 month/100000 miles,WA124BGF1SA015844,2025,100 kWh,https://ev.com/vehicle/3k0d6k,2025AudiQ6 e-tronPremium Plus quattro,"$64,675"
Audi,285 mi,31 minutes,"7,837 mi",355 HP,Up to 5,Chronos Gray,Pearl Beige,SAE CCS DC fast charge connector,96 month/100000 miles,WA16AAGE0RB019366,2024,114 kWh,https://ev.com/vehicle/unbcc5,2024AudiQ8 e-tronPrestige quattro,"$47,675"
Audi,285 mi,31 minutes,"4,874 mi",355 HP,Up to 5,Mythos Black Metallic,Gray,SAE CCS DC fast charge connector,96 month/100000 miles,WA16AAGEXRB031329,2024,114 kWh,https://ev.com/vehicle/d0feku,2024AudiQ8 e-tronPrestige quattro,"$48,675"
Audi,232 mi,23 minutes,"7,915 mi",591 HP,Up to 5,Daytona Gray Pearl Effect,Black,SAE CCS DC fast charge connector,96 month/100000 miles,WAUBHBFW2R7900621,2024,93.4 kWh,https://ev.com/vehicle/9ti2ci,2024AudiRS e-tron GTquattro,"$94,740"
Audi,275 mi,21 minutes,17 mi,483 HP,Up to 5,Mythos Black Metallic,Arras Red,SAE CCS DC fast charge connector,96 month/100000 miles,WA125BGFXSA034602,2025,100 kWh,https://ev.com/vehicle/fq4aux,2025AudiSQ6 e-tronPremium Plus quattro,"$71,310"
Audi,258 mi,28 minutes,5 mi,335 HP,Up to 5,Pebble Gray,Black/Rock Gray Stitching,SAE CCS DC fast charge connector,96 month/100000 miles,WA13UBFZ7SP040213,2025,82 kWh,https://ev.com/vehicle/hv5z25,2025AudiQ4 Sportback e-tronPremium Plus 55 quattro,"$52,970"
Audi,258 mi,28 minutes,3 mi,335 HP,Up to 5,Glacier White Metallic,Black W/Rock Gray,SAE CCS DC fast charge connector,96 month/100000 miles,WA13UBFZ5SP042008,2025,82 kWh,https://ev.com/vehicle/je0sym,2025AudiQ4 Sportback e-tronPremium Plus 55 quattro,"$55,360"
Audi,258 mi,28 minutes,4 mi,335 HP,Up to 5,Mythos Black Metallic,Black W/Rock Gray,SAE CCS DC fast charge connector,96 month/100000 miles,WA12UBFZXSP043523,2025,82 kWh,https://ev.com/vehicle/xlrfcr,2025AudiQ4 Sportback e-tronPremium 55 quattro,"$52,860"
Audi,258 mi,28 minutes,16 mi,335 HP,Up to 5,Glacier White Metallic,Black W/Rock Gray,SAE CCS DC fast charge connector,96 month/100000 miles,WA13UBFZ7SP026229,2025,82 kWh,https://ev.com/vehicle/yd944q,2025AudiQ4 Sportback e-tronPremium Plus 55 quattro,"$55,875"
Audi,258 mi,28 minutes,6 mi,335 HP,Up to 5,Mythos Black Metallic,Black W/Rock Gray,SAE CCS DC fast charge connector,96 month/100000 miles,WA13UBFZ9SP029391,2025,82 kWh,https://ev.com/vehicle/68il4o,2025AudiQ4 Sportback e-tronPremium Plus 55 quattro,"$55,965"
Audi,258 mi,28 minutes,4 mi,335 HP,Up to 5,Pebble Gray,Black/Rock Gray Stitching,SAE CCS DC fast charge connector,96 month/100000 miles,WA14UBFZ6SP041647,2025,82 kWh,https://ev.com/vehicle/bw7b6p,2025AudiQ4 Sportback e-tronPrestige 55 quattro,"$56,305"
Audi,265 mi,36 minutes,"8,121 mi",201 HP,Up to 5,Pebble Gray,Black/Rock Gray Stitching,SAE CCS DC fast charge connector,96 month/100000 miles,WA1BCBFZ1PP028953,2023,82 kWh,https://ev.com/vehicle/565btr,2023AudiQ4 e-tronPremium Plus 40 RWD,"$22,273"
Audi,236 mi,38 minutes,"1,977 mi",295 HP,Up to 5,Mythos Black Metallic,Black/Rock Gray Stitching,SAE CCS DC fast charge connector,96 month/100000 miles,WA1L2BFZ1RP029806,2024,82 kWh,https://ev.com/vehicle/qsrn7s,2024AudiQ4 e-tronPremium Plus 50 quattro,"$30,675"
Audi,258 mi,28 minutes,5 mi,335 HP,Up to 5,Glacier White Metallic,Santos Brown,SAE CCS DC fast charge connector,96 month/100000 miles,WA1LUBFZ3SP037888,2025,82 kWh,https://ev.com/vehicle/f566j4,2025AudiQ4 e-tronPremium Plus 55 quattro,"$50,565"
Audi,258 mi,28 minutes,3 mi,335 HP,Up to 5,Navarra Blue Metallic,Black/Rock Gray Stitching,SAE CCS DC fast charge connector,96 month/100000 miles,WA1KUBFZ2SP039322,2025,82 kWh,https://ev.com/vehicle/yyymvl,2025AudiQ4 e-tronPremium 55 quattro,"$46,265"
Audi,258 mi,28 minutes,4 mi,335 HP,Up to 5,Pebble Gray,Black/Rock Gray Stitching,SAE CCS DC fast charge connector,96 month/100000 miles,WA1MUBFZXSP041926,2025,82 kWh,https://ev.com/vehicle/5183ps,2025AudiQ4 e-tronPrestige 55 quattro,"$56,155"
Audi,258 mi,28 minutes,14 mi,335 HP,Up to 5,Glacier White Metallic,Parchment Beige,SAE CCS DC fast charge connector,96 month/100000 miles,WA1LUBFZ4SP038757,2025,82 kWh,https://ev.com/vehicle/b7xlb8,2025AudiQ4 e-tronPremium Plus 55 quattro,"$51,365"
Audi,288 mi,36 minutes,5 mi,282 HP,Up to 5,Pebble Gray,Parchment Beige,SAE CCS DC fast charge connector,96 month/100000 miles,WA1B5BFZ8SP041671,2025,82 kWh,https://ev.com/vehicle/pecoob,2025AudiQ4 e-tronPremium 45 quattro,"$44,365"
Audi,258 mi,28 minutes,5 mi,335 HP,Up to 5,Glacier White Metallic,Black/Rock Gray Stitching,SAE CCS DC fast charge connector,96 month/100000 miles,WA1LUBFZ2SP044606,2025,82 kWh,https://ev.com/vehicle/ec8ixh,2025AudiQ4 e-tronPremium Plus 55 quattro,"$52,100"
Audi,288 mi,36 minutes,1 mi,282 HP,Up to 5,Glacier White Metallic,Black w/ Rock Gray Stitching,SAE CCS DC fast charge connector,96 month/100000 miles,WA1A5BFZ2SP040513,2025,82 kWh,https://ev.com/vehicle/tpwxxb,2025AudiQ4 e-tronPremium 45 RWD,"$43,260"
Audi,310 mi,22 minutes,42 mi,302 HP,Up to 5,Manhattan Gray Metallic,Black,SAE CCS DC fast charge connector,96 month/100000 miles,WA112BGF3SA013434,2025,100 kWh,https://ev.com/vehicle/04r3qb,2025AudiQ6 e-tronPremium,"$59,835"
Audi,307 mi,21 minutes,8 mi,422 HP,Up to 5,Manhattan Gray Metallic,Black,SAE CCS DC fast charge connector,96 month/100000 miles,WA114BGF1SA015919,2025,100 kWh,https://ev.com/vehicle/v71wme,2025AudiQ6 e-tronPremium quattro,"$60,385"
Audi,310 mi,22 minutes,52 mi,302 HP,Up to 5,Mythos Black Metallic,Black,SAE CCS DC fast charge connector,96 month/100000 miles,WA172BGF2SA022569,2025,100 kWh,https://ev.com/vehicle/dj27p5,2025AudiQ6 e-tronPremium,"$55,485"
Audi,310 mi,22 minutes,8 mi,N/A,Up to 5,Mythos Black Metallic,Black,SAE CCS DC fast charge connector,96 month/100000 miles,WA112BGF1SA018602,2025,100 kWh,https://ev.com/vehicle/to0lml,2025AudiQ6 e-tronPremium,"$58,060"
Audi,307 mi,21 minutes,30 mi,422 HP,Up to 5,Manhattan Gray Metallic,Black,SAE CCS DC fast charge connector,96 month/100000 miles,WA124BGF7SA012334,2025,100 kWh,https://ev.com/vehicle/9v71nw,2025AudiQ6 e-tronPremium Plus quattro,"$64,350"
Audi,307 mi,21 minutes,6 mi,422 HP,Up to 5,Manhattan Gray Metallic,Black,SAE CCS DC fast charge connector,96 month/100000 miles,WA124BGF8SA020197,2025,100 kWh,https://ev.com/vehicle/85pl40,2025AudiQ6 e-tronPremium Plus quattro,"$63,350"
Audi,307 mi,21 minutes,12 mi,422 HP,Up to 5,Mythos Black Metallic,Black,SAE CCS DC fast charge connector,96 month/100000 miles,WA114BGFXSA016096,2025,100 kWh,https://ev.com/vehicle/46bu78,2025AudiQ6 e-tronPremium quattro,"$60,060"
Audi,307 mi,21 minutes,39 mi,422 HP,Up to 5,Magnet Gray,Black,SAE CCS DC fast charge connector,96 month/100000 miles,WA124BGFXSA019472,2025,100 kWh,https://ev.com/vehicle/3eh9us,2025AudiQ6 e-tronPremium Plus quattro,"$63,755"
Audi,307 mi,21 minutes,29 mi,422 HP,Up to 5,Mythos Black Metallic,Santos Brown,SAE CCS DC fast charge connector,96 month/100000 miles,WA114BGF6SA026544,2025,100 kWh,https://ev.com/vehicle/4zdjx4,2025AudiQ6 e-tronPremium quattro,"$60,735"
Audi,307 mi,21 minutes,5 mi,422 HP,Up to 5,Glacier White Metallic,Santos Brown,SAE CCS DC fast charge connector,96 month/100000 miles,WA124BGF3SA019099,2025,100 kWh,https://ev.com/vehicle/yk8wnh,2025AudiQ6 e-tronPremium Plus quattro,"$62,375"
Audi,307 mi,21 minutes,3 mi,422 HP,Up to 5,Manhattan Gray Metallic,Black,SAE CCS DC fast charge connector,96 month/100000 miles,WA124BGF7SA026475,2025,100 kWh,https://ev.com/vehicle/1y1ve5,2025AudiQ6 e-tronPremium Plus quattro,"$65,185"
Audi,307 mi,21 minutes,9 mi,422 HP,Up to 5,Glacier White Metallic,Santos Brown,SAE CCS DC fast charge connector,96 month/100000 miles,WA134BGF6SA019683,2025,100 kWh,https://ev.com/vehicle/s2fgcf,2025AudiQ6 e-tronPrestige quattro,"$65,375"
Audi,307 mi,21 minutes,8 mi,422 HP,Up to 5,Glacier White Metallic,Black,SAE CCS DC fast charge connector,96 month/100000 miles,WA134BGF2SA018997,2025,100 kWh,https://ev.com/vehicle/b6gj2l,2025AudiQ6 e-tronPrestige quattro,"$66,675"
Audi,307 mi,21 minutes,10 mi,422 HP,Up to 5,Glacier White Metallic,Black,SAE CCS DC fast charge connector,96 month/100000 miles,WA124BGF1SA025662,2025,100 kWh,https://ev.com/vehicle/cd9tz0,2025AudiQ6 e-tronPremium Plus quattro,"$65,185"
Audi,310 mi,22 minutes,5 mi,302 HP,Up to 5,Magnet Gray,Black,SAE CCS DC fast charge connector,96 month/100000 miles,WA112BGF5SA025200,2025,100 kWh,https://ev.com/vehicle/907ch4,2025AudiQ6 e-tronPremium,"$58,915"
Audi,310 mi,22 minutes,5 mi,302 HP,Up to 5,Manhattan Gray Metallic,Black,SAE CCS DC fast charge connector,96 month/100000 miles,WA112BGFXSA029629,2025,100 kWh,https://ev.com/vehicle/x0g09h,2025AudiQ6 e-tronPremium,"$59,925"
Audi,307 mi,21 minutes,8 mi,422 HP,Up to 5,Glacier White Metallic,Pearl Beige,SAE CCS DC fast charge connector,96 month/100000 miles,WA114BGF5SA022601,2025,100 kWh,https://ev.com/vehicle/up6ra2,2025AudiQ6 e-tronPremium quattro,"$59,385"
Audi,307 mi,21 minutes,7 mi,422 HP,Up to 5,Glacier White Metallic,Santos Brown,SAE CCS DC fast charge connector,96 month/100000 miles,WA114BGF9SA023749,2025,100 kWh,https://ev.com/vehicle/kvl6cq,2025AudiQ6 e-tronPremium quattro,"$59,385"
Audi,310 mi,22 minutes,3 mi,302 HP,Up to 5,Manhattan Gray Metallic,Black,SAE CCS DC fast charge connector,96 month/100000 miles,WA112BGF6SA030986,2025,100 kWh,https://ev.com/vehicle/e9aoqt,2025AudiQ6 e-tronPremium,"$57,385"
Audi,310 mi,22 minutes,3 mi,302 HP,Up to 5,Glacier White Metallic,Pearl Beige,SAE CCS DC fast charge connector,96 month/100000 miles,WA122BGF0SA030874,2025,100 kWh,https://ev.com/vehicle/wv0447,2025AudiQ6 e-tronPremium Plus,"$61,375"
Audi,310 mi,22 minutes,10 mi,302 HP,Up to 5,Magnet Gray,Black,SAE CCS DC fast charge connector,96 month/100000 miles,WA122BGF2SA032173,2025,100 kWh,https://ev.com/vehicle/b40olw,2025AudiQ6 e-tronPremium Plus,"$62,080"
Audi,310 mi,22 minutes,4 mi,302 HP,Up to 5,Plasma Blue Metallic,Santos Brown,SAE CCS DC fast charge connector,96 month/100000 miles,WA112BGF5SA031269,2025,100 kWh,https://ev.com/vehicle/upo9d9,2025AudiQ6 e-tronPremium,"$58,385"
Audi,307 mi,21 minutes,4 mi,422 HP,Up to 5,Mythos Black Metallic,Pearl Beige,SAE CCS DC fast charge connector,96 month/100000 miles,WA114BGF5SA031587,2025,100 kWh,https://ev.com/vehicle/hzouey,2025AudiQ6 e-tronPremium quattro,"$60,475"
Audi,310 mi,22 minutes,3 mi,302 HP,Up to 5,Glacier White Metallic,Pearl Beige,SAE CCS DC fast charge connector,96 month/100000 miles,WA122BGF3SA030934,2025,100 kWh,https://ev.com/vehicle/bhhgmf,2025AudiQ6 e-tronPremium Plus,"$61,600"
Audi,307 mi,21 minutes,5 mi,422 HP,Up to 5,Magnet Gray,Black,SAE CCS DC fast charge connector,96 month/100000 miles,WA134BGF4SA029497,2025,100 kWh,https://ev.com/vehicle/zkhgp6,2025AudiQ6 e-tronPrestige quattro,"$66,270"
Audi,307 mi,21 minutes,3 mi,422 HP,Up to 5,Manhattan Gray Metallic,Black,SAE CCS DC fast charge connector,96 month/100000 miles,WA114BGF3SA034035,2025,100 kWh,https://ev.com/vehicle/7oe6ig,2025AudiQ6 e-tronPremium quattro,"$59,060"
Audi,310 mi,22 minutes,3 mi,302 HP,Up to 5,Magnet Gray,Black,SAE CCS DC fast charge connector,96 month/100000 miles,WA122BGF1SA031600,2025,100 kWh,https://ev.com/vehicle/aqhup6,2025AudiQ6 e-tronPremium Plus,"$60,455"
Audi,310 mi,22 minutes,4 mi,302 HP,Up to 5,Mythos Black Metallic,Pearl Beige,SAE CCS DC fast charge connector,96 month/100000 miles,WA112BGF6SA031121,2025,100 kWh,https://ev.com/vehicle/pp5fcg,2025AudiQ6 e-tronPremium,"$58,385"
Audi,307 mi,21 minutes,3 mi,422 HP,Up to 5,Glacier White Metallic,Black,SAE CCS DC fast charge connector,96 month/100000 miles,WA114BGF2SA031725,2025,100 kWh,https://ev.com/vehicle/ugy4do,2025AudiQ6 e-tronPremium quattro,"$59,385"
Audi,307 mi,21 minutes,12 mi,422 HP,Up to 5,Manhattan Gray Metallic,Black,SAE CCS DC fast charge connector,96 month/100000 miles,WA134BGFXSA021856,2025,100 kWh,https://ev.com/vehicle/vhsurx,2025AudiQ6 e-tronPrestige quattro,"$66,675"
Audi,307 mi,21 minutes,8 mi,422 HP,Up to 5,Plasma Blue Metallic,Santos Brown,SAE CCS DC fast charge connector,96 month/100000 miles,WA114BGF9SA018115,2025,100 kWh,https://ev.com/vehicle/3hykx3,2025AudiQ6 e-tronPremium quattro,"$60,385"
Audi,307 mi,21 minutes,5 mi,422 HP,Up to 5,Plasma Blue Metallic,Black,SAE CCS DC fast charge connector,96 month/100000 miles,WA124BGF6SA021316,2025,100 kWh,https://ev.com/vehicle/rqcb5g,2025AudiQ6 e-tronPremium Plus quattro,"$62,375"
Audi,310 mi,22 minutes,9 mi,N/A,Up to 5,Mythos Black Metallic,Black,SAE CCS DC fast charge connector,96 month/100000 miles,WA112BGF3SA018195,2025,100 kWh,https://ev.com/vehicle/hwrswc,2025AudiQ6 e-tronPremium,"$57,385"
Audi,307 mi,21 minutes,7 mi,422 HP,Up to 5,Glacier White Metallic,Santos Brown,SAE CCS DC fast charge connector,96 month/100000 miles,WA114BGF8SA019899,2025,100 kWh,https://ev.com/vehicle/jusyuq,2025AudiQ6 e-tronPremium quattro,"$61,835"
Audi,310 mi,22 minutes,7 mi,N/A,Up to 5,Magnet Gray,Black,SAE CCS DC fast charge connector,96 month/100000 miles,WA112BGF5SA018649,2025,100 kWh,https://ev.com/vehicle/q7usxe,2025AudiQ6 e-tronPremium,"$57,465"
Audi,310 mi,22 minutes,4 mi,N/A,Up to 5,Plasma Blue Metallic,Black,SAE CCS DC fast charge connector,96 month/100000 miles,WA122BGF8SA022392,2025,100 kWh,https://ev.com/vehicle/lgrskg,2025AudiQ6 e-tronPremium Plus,"$62,350"
Audi,310 mi,22 minutes,7 mi,N/A,Up to 5,Glacier White Metallic,Black,SAE CCS DC fast charge connector,96 month/100000 miles,WA112BGF6SA018725,2025,100 kWh,https://ev.com/vehicle/ls46ew,2025AudiQ6 e-tronPremium,"$58,060"
Audi,307 mi,21 minutes,6 mi,422 HP,Up to 5,Plasma Blue Metallic,Santos Brown,SAE CCS DC fast charge connector,96 month/100000 miles,WA114BGF0SA022196,2025,100 kWh,https://ev.com/vehicle/vmyjib,2025AudiQ6 e-tronPremium quattro,"$61,510"
Audi,307 mi,21 minutes,6 mi,422 HP,Up to 5,Mythos Black Metallic,Black,SAE CCS DC fast charge connector,96 month/100000 miles,WA114BGF3SA020667,2025,100 kWh,https://ev.com/vehicle/9dym9l,2025AudiQ6 e-tronPremium quattro,"$61,510"
Audi,307 mi,21 minutes,6 mi,422 HP,Up to 5,Glacier White Metallic,Santos Brown,SAE CCS DC fast charge connector,96 month/100000 miles,WA114BGF9SA020110,2025,100 kWh,https://ev.com/vehicle/ktgfap,2025AudiQ6 e-tronPremium quattro,"$61,510"
Audi,307 mi,21 minutes,5 mi,422 HP,Up to 5,Mythos Black Metallic,Santos Brown,SAE CCS DC fast charge connector,96 month/100000 miles,WA114BGFXSA024974,2025,100 kWh,https://ev.com/vehicle/cvgpw2,2025AudiQ6 e-tronPremium quattro,"$61,510"
Audi,310 mi,22 minutes,5 mi,302 HP,Up to 5,Glacier White Metallic,Pearl Beige,SAE CCS DC fast charge connector,96 month/100000 miles,WA112BGF5SA023706,2025,100 kWh,https://ev.com/vehicle/vxm7ud,2025AudiQ6 e-tronPremium,"$59,510"
Audi,307 mi,21 minutes,5 mi,422 HP,Up to 5,Plasma Blue Metallic,Pearl Beige,SAE CCS DC fast charge connector,96 month/100000 miles,WA114BGF4SA022637,2025,100 kWh,https://ev.com/vehicle/d0rk9j,2025AudiQ6 e-tronPremium quattro,"$59,060"
Audi,307 mi,21 minutes,15 mi,422 HP,Up to 5,Glacier White Metallic,Black,SAE CCS DC fast charge connector,96 month/100000 miles,WA124BGF1SA012541,2025,100 kWh,https://ev.com/vehicle/2x8fqh,2025AudiQ6 e-tronPremium Plus quattro,"$64,585"
Audi,307 mi,21 minutes,4 mi,422 HP,Up to 5,Magnet Gray,Black,SAE CCS DC fast charge connector,96 month/100000 miles,WA124BGF5SA029276,2025,100 kWh,https://ev.com/vehicle/7ob6qt,2025AudiQ6 e-tronPremium Plus quattro,"$64,590"
Audi,307 mi,21 minutes,3 mi,422 HP,Up to 5,Manhattan Gray Metallic,Black,SAE CCS DC fast charge connector,96 month/100000 miles,WA124BGF2SA026464,2025,100 kWh,https://ev.com/vehicle/vhl6t4,2025AudiQ6 e-tronPremium Plus quattro,"$65,185"
Audi,307 mi,21 minutes,13 mi,422 HP,Up to 5,Glacier White Metallic,Black,SAE CCS DC fast charge connector,96 month/100000 miles,WA114BGF1SA018240,2025,100 kWh,https://ev.com/vehicle/geshr1,2025AudiQ6 e-tronPremium quattro,"$60,385"
Audi,307 mi,21 minutes,9 mi,422 HP,Up to 5,Plasma Blue Metallic,Santos Brown,SAE CCS DC fast charge connector,96 month/100000 miles,WA114BGF4SA018281,2025,100 kWh,https://ev.com/vehicle/hh23ej,2025AudiQ6 e-tronPremium quattro,"$60,385"
Audi,307 mi,21 minutes,6 mi,422 HP,Up to 5,Mythos Black Metallic,Black,SAE CCS DC fast charge connector,96 month/100000 miles,WA114BGF7SA026620,2025,100 kWh,https://ev.com/vehicle/do9cf6,2025AudiQ6 e-tronPremium quattro,"$57,485"
Audi,307 mi,21 minutes,7 mi,422 HP,Up to 5,Plasma Blue Metallic,Santos Brown,SAE CCS DC fast charge connector,96 month/100000 miles,WA114BGF9SA023816,2025,100 kWh,https://ev.com/vehicle/dm90tk,2025AudiQ6 e-tronPremium quattro,"$59,385"
Audi,307 mi,21 minutes,6 mi,422 HP,Up to 5,Manhattan Gray Metallic,Black,SAE CCS DC fast charge connector,96 month/100000 miles,WA124BGF8SA024444,2025,100 kWh,https://ev.com/vehicle/16x554,2025AudiQ6 e-tronPremium Plus quattro,"$64,675"
Audi,310 mi,22 minutes,12 mi,302 HP,Up to 5,Manhattan Gray Metallic,Black,SAE CCS DC fast charge connector,96 month/100000 miles,WA112BGF1SA018289,2025,100 kWh,https://ev.com/vehicle/zagost,2025AudiQ6 e-tronPremium,"$58,385"
Audi,310 mi,22 minutes,6 mi,302 HP,Up to 5,Glacier White Metallic,Black,SAE CCS DC fast charge connector,96 month/100000 miles,WA112BGF4SA027357,2025,100 kWh,https://ev.com/vehicle/b4r3r8,2025AudiQ6 e-tronPremium,"$55,485"
Audi,307 mi,21 minutes,7 mi,422 HP,Up to 5,Mythos Black Metallic,Black,SAE CCS DC fast charge connector,96 month/100000 miles,WA114BGFXSA027079,2025,100 kWh,https://ev.com/vehicle/jizowu,2025AudiQ6 e-tronPremium quattro,"$57,485"
Audi,307 mi,21 minutes,8 mi,422 HP,Up to 5,Glacier White Metallic,Black,SAE CCS DC fast charge connector,96 month/100000 miles,WA124BGF7SA028243,2025,100 kWh,https://ev.com/vehicle/7eh4yd,2025AudiQ6 e-tronPremium Plus quattro,"$64,675"
Audi,307 mi,21 minutes,6 mi,422 HP,Up to 5,Glacier White Metallic,Pearl Beige,SAE CCS DC fast charge connector,96 month/100000 miles,WA124BGF7SA026265,2025,100 kWh,https://ev.com/vehicle/gh5hlj,2025AudiQ6 e-tronPremium Plus quattro,"$63,675"
Audi,307 mi,21 minutes,92 mi,422 HP,Up to 5,Glacier White Metallic,Black,SAE CCS DC fast charge connector,96 month/100000 miles,WA114BGF1SA027214,2025,100 kWh,https://ev.com/vehicle/xfpdkt,2025AudiQ6 e-tronPremium quattro,"$57,485"
Audi,307 mi,21 minutes,6 mi,422 HP,Up to 5,Manhattan Gray Metallic,Black,SAE CCS DC fast charge connector,96 month/100000 miles,WA124BGFXSA031735,2025,100 kWh,https://ev.com/vehicle/bitc2e,2025AudiQ6 e-tronPremium Plus quattro,"$64,675"
Audi,307 mi,21 minutes,4 mi,422 HP,Up to 5,Magnet Gray,Black,SAE CCS DC fast charge connector,96 month/100000 miles,WA114BGF7SA039352,2025,100 kWh,https://ev.com/vehicle/ty200a,2025AudiQ6 e-tronPremium quattro,"$56,565"
Audi,307 mi,21 minutes,4 mi,422 HP,Up to 5,Magnet Gray,Black,SAE CCS DC fast charge connector,96 month/100000 miles,WA124BGF1SA039206,2025,100 kWh,https://ev.com/vehicle/7po7an,2025AudiQ6 e-tronPremium Plus quattro,"$62,365"
Audi,307 mi,21 minutes,3 mi,422 HP,Up to 5,Glacier White Metallic,Pearl Beige,SAE CCS DC fast charge connector,96 month/100000 miles,WA124BGF4SA040141,2025,100 kWh,https://ev.com/vehicle/3dscoz,2025AudiQ6 e-tronPremium Plus quattro,"$62,960"
Audi,307 mi,21 minutes,3 mi,422 HP,Up to 5,Magnet Gray,Black,SAE CCS DC fast charge connector,96 month/100000 miles,WA124BGF7SA037153,2025,100 kWh,https://ev.com/vehicle/ybzq9r,2025AudiQ6 e-tronPremium Plus quattro,"$62,365"
Audi,307 mi,21 minutes,3 mi,422 HP,Up to 5,Glacier White Metallic,Black,SAE CCS DC fast charge connector,96 month/100000 miles,WA134BGF5SA040279,2025,100 kWh,https://ev.com/vehicle/vxgnwz,2025AudiQ6 e-tronPrestige quattro,"$65,300"
Audi,307 mi,21 minutes,3 mi,422 HP,Up to 5,Mythos Black Metallic,Black,SAE CCS DC fast charge connector,96 month/100000 miles,WA114BGF0SA036115,2025,100 kWh,https://ev.com/vehicle/afratc,2025AudiQ6 e-tronPremium quattro,"$60,510"
Audi,307 mi,21 minutes,13 mi,422 HP,Up to 5,Plasma Blue Metallic,Santos Brown,SAE CCS DC fast charge connector,96 month/100000 miles,WA124BGF1SA040078,2025,100 kWh,https://ev.com/vehicle/gix945,2025AudiQ6 e-tronPremium Plus quattro,"$62,960"
Audi,307 mi,21 minutes,6 mi,422 HP,Up to 5,Manhattan Gray Metallic,Black,SAE CCS DC fast charge connector,96 month/100000 miles,WA124BGF5SA012493,2025,100 kWh,https://ev.com/vehicle/gj8317,2025AudiQ6 e-tronPremium Plus quattro,"$64,350"
Audi,310 mi,22 minutes,8 mi,302 HP,Up to 5,Glacier White Metallic,Black,SAE CCS DC fast charge connector,96 month/100000 miles,WA112BGF2SA041788,2025,100 kWh,https://ev.com/vehicle/szz87x,2025AudiQ6 e-tronPremium,"$55,485"
Audi,310 mi,22 minutes,5 mi,302 HP,Up to 5,Mythos Black Metallic,Black,SAE CCS DC fast charge connector,96 month/100000 miles,WA112BGFXSA041716,2025,100 kWh,https://ev.com/vehicle/d77x0x,2025AudiQ6 e-tronPremium,"$55,485"
Audi,307 mi,21 minutes,6 mi,422 HP,Up to 5,Glacier White Metallic,Santos Brown,SAE CCS DC fast charge connector,96 month/100000 miles,WA124BGF4SA042228,2025,100 kWh,https://ev.com/vehicle/00t30p,2025AudiQ6 e-tronPremium Plus quattro,"$63,285"
Audi,310 mi,22 minutes,6 mi,302 HP,Up to 5,Glacier White Metallic,Black,SAE CCS DC fast charge connector,96 month/100000 miles,WA172BGF1SA037483,2025,100 kWh,https://ev.com/vehicle/dwci6f,2025AudiQ6 e-tronPremium,"$55,485"
Audi,310 mi,22 minutes,3 mi,302 HP,Up to 5,Mythos Black Metallic,Black,SAE CCS DC fast charge connector,96 month/100000 miles,WA172BGF6SA039259,2025,100 kWh,https://ev.com/vehicle/k15r9h,2025AudiQ6 e-tronPremium,"$55,485"
Audi,295 mi,21 minutes,1 mi,422 HP,Up to 5,Mythos Black Metallic,Black w/ Gray Stitching,SAE CCS DC fast charge connector,96 month/100000 miles,WA124BGF9SA013503,2025,100 kWh,https://ev.com/vehicle/d041v6,2025AudiQ6 e-tronPremium Plus quattro,"$64,925"
Audi,307 mi,21 minutes,1 mi,422 HP,Up to 5,Plasma Blue Metallic,Santos Brown w/ Gray Stitching,SAE CCS DC fast charge connector,96 month/100000 miles,WA114BGF2SA020675,2025,100 kWh,https://ev.com/vehicle/e91e77,2025AudiQ6 e-tronPremium quattro,"$62,175"
Audi,307 mi,21 minutes,1 mi,422 HP,Up to 5,Glacier White Metallic,Santos Brown w/ Gray Stitching,SAE CCS DC fast charge connector,96 month/100000 miles,WA114BGF9SA018163,2025,100 kWh,https://ev.com/vehicle/vcrmoj,2025AudiQ6 e-tronPremium quattro,"$59,725"
Audi,310 mi,22 minutes,1 mi,302 HP,Up to 5,Mythos Black Metallic,Black w/ Gray Stitching,SAE CCS DC fast charge connector,96 month/100000 miles,WA172BGF6SA020937,2025,100 kWh,https://ev.com/vehicle/ipn6n5,2025AudiQ6 e-tronPremium,"$55,825"
Audi,307 mi,21 minutes,1 mi,422 HP,Up to 5,Mythos Black Metallic,Black w/ Gray Stitching,SAE CCS DC fast charge connector,96 month/100000 miles,WA114BGF2SA020580,2025,100 kWh,https://ev.com/vehicle/ffmjrk,2025AudiQ6 e-tronPremium quattro,"$62,175"
Audi,307 mi,21 minutes,1 mi,422 HP,Up to 5,Mythos Black Metallic,Black w/ Gray Stitching,SAE CCS DC fast charge connector,96 month/100000 miles,WA124BGF0SA021229,2025,100 kWh,https://ev.com/vehicle/71gpj7,2025AudiQ6 e-tronPremium Plus quattro,"$63,625"
Audi,307 mi,21 minutes,1 mi,422 HP,Up to 5,Magnet Gray,Santos Brown w/ Gray Stitching,SAE CCS DC fast charge connector,96 month/100000 miles,WA114BGF0SA021064,2025,100 kWh,https://ev.com/vehicle/1xk29h,2025AudiQ6 e-tronPremium quattro,"$60,580"
Audi,307 mi,21 minutes,1 mi,422 HP,Up to 5,Manhattan Gray Metallic,Black w/ Gray Stitching,SAE CCS DC fast charge connector,96 month/100000 miles,WA124BGF8SA026775,2025,100 kWh,https://ev.com/vehicle/nnesl6,2025AudiQ6 e-tronPremium Plus quattro,"$65,525"
Audi,310 mi,22 minutes,1 mi,302 HP,Up to 5,Glacier White Metallic,Santos Brown w/ Gray Stitching,SAE CCS DC fast charge connector,96 month/100000 miles,WA172BGF6SA020839,2025,100 kWh,https://ev.com/vehicle/ejvztn,2025AudiQ6 e-tronPremium,"$55,825"
Audi,296 mi,31 minutes,"9,000 mi",355 HP,Up to 5,Mythos Black Metallic,Okapi Brown,SAE CCS DC fast charge connector,96 month/100000 miles,WA1CAAGE7RB014717,2024,114 kWh,https://ev.com/vehicle/jpao4g,2024AudiQ8 e-tronS line Premium Plus quattro,"$44,675"
Audi,285 mi,31 minutes,"5,553 mi",355 HP,Up to 5,Glacier White Metallic,Pearl Beige,SAE CCS DC fast charge connector,96 month/100000 miles,WA15AAGE3RB032432,2024,114 kWh,https://ev.com/vehicle/4usucp,2024AudiQ8 e-tronPremium Plus quattro,"$43,675"
Audi,296 mi,31 minutes,"11,529 mi",355 HP,Up to 5,Plasma Blue Metallic,Black,SAE CCS DC fast charge connector,96 month/100000 miles,WA1CAAGE7RB010912,2024,114 kWh,https://ev.com/vehicle/gltv9b,2024AudiQ8 e-tronS line Premium Plus quattro,"$39,170"
Audi,232 mi,23 minutes,561 mi,591 HP,Up to 5,Florett Silver Metallic,Santos Brown,SAE CCS DC fast charge connector,96 month/100000 miles,WAUBHBFW9R7900700,2024,93.4 kWh,https://ev.com/vehicle/80lfgi,2024AudiRS e-tron GTquattro,"$92,740"
Audi,N/A,N/A,N/A,N/A,N/A,N/A,N/A,N/A,N/A,N/A,N/A,N/A,https://ev.com/vehicle/q91otv,2025AudiRS e-tron GTperformance,"$169,335"
Audi,N/A,N/A,N/A,N/A,N/A,N/A,N/A,N/A,N/A,N/A,N/A,N/A,https://ev.com/vehicle/jg13j9,2025AudiS e-tron GTPremium Plus,"$126,330"
Audi,N/A,N/A,N/A,N/A,N/A,N/A,N/A,N/A,N/A,N/A,N/A,N/A,https://ev.com/vehicle/hv2lkh,2025AudiS e-tron GTPremium Plus,"$146,335"
Audi,N/A,N/A,N/A,N/A,N/A,N/A,N/A,N/A,N/A,N/A,N/A,N/A,https://ev.com/vehicle/9oby2y,2025AudiS e-tron GTPremium Plus,"$117,975"
Audi,275 mi,21 minutes,4 mi,483 HP,Up to 5,Glacier White Metallic,Black,SAE CCS DC fast charge connector,96 month/100000 miles,WA125BGF6SA036279,2025,100 kWh,https://ev.com/vehicle/yd2r2m,2025AudiSQ6 e-tronPremium Plus quattro,"$70,510"
Audi,23 mi,N/A,48 mi,248 HP,Up to 5,Mythos Black Metallic,Black,N/A,N/A,WA1E2AFY1S2061524,2025,17.9 kWh,https://ev.com/vehicle/msdt2i,2025AudiQ5Premium Plus 55 TFSI e S line quattro S tronic,"$61,230"
Audi,23 mi,N/A,85 mi,248 HP,Up to 5,District Green Metallic,Black,N/A,N/A,WA1E2AFY9S2059617,2025,17.9 kWh,https://ev.com/vehicle/4srtir,2025AudiQ5Premium Plus 55 TFSI e S line quattro S tronic,"$66,355"
Audi,23 mi,N/A,62 mi,248 HP,Up to 5,Mythos Black Metallic,Black,N/A,N/A,WA1E2AFY4S2061193,2025,17.9 kWh,https://ev.com/vehicle/4ql64c,2025AudiQ5Premium Plus 55 TFSI e S line quattro S tronic,"$63,630"
Audi,242 mi,28 minutes,"14,971 mi",295 HP,Up to 5,Mythos Black,Black,SAE CCS DC fast charge connector,96 month/100000 miles,WA132BFZ3PP042487,2023,82 kWh,https://ev.com/vehicle/fmed3q,2023AudiQ4 Sportback e-tronPremium Plus 50 quattro,"$24,394"
Audi,265 mi,36 minutes,"7,860 mi",201 HP,Up to 5,Glacier White Metallic,Black/Rock Gray Stitching,SAE CCS DC fast charge connector,96 month/100000 miles,WA1BCBFZ1PP019069,2023,82 kWh,https://ev.com/vehicle/h50plv,2023AudiQ4 e-tronPremium Plus 40 RWD,"$22,675"
Audi,265 mi,36 minutes,"12,929 mi",201 HP,Up to 5,Glacier White Metallic,Black/Rock Gray Stitching,SAE CCS DC fast charge connector,96 month/100000 miles,WA1BCBFZ1PP023736,2023,82 kWh,https://ev.com/vehicle/9yyeg3,2023AudiQ4 e-tronPremium Plus 40 RWD,"$20,894"
Audi,265 mi,36 minutes,"15,503 mi",201 HP,Up to 5,Pebble Gray,Black/Rock Gray Stitching,SAE CCS DC fast charge connector,96 month/100000 miles,WA1BCBFZ4PP028672,2023,82 kWh,https://ev.com/vehicle/o6zaun,2023AudiQ4 e-tronPremium Plus 40 RWD,"$20,588"
Audi,236 mi,28 minutes,"4,830 mi",295 HP,Up to 5,Glacier White Metallic,Black/Rock Gray Stitching,SAE CCS DC fast charge connector,96 month/100000 miles,WA1K2BFZ4RP027950,2024,82 kWh,https://ev.com/vehicle/2eujyj,2024AudiQ4 e-tronPremium 50 quattro,"$26,969"
Audi,236 mi,28 minutes,"4,002 mi",295 HP,Up to 5,Pebble Gray,Black/Rock Gray Stitching,SAE CCS DC fast charge connector,96 month/100000 miles,WA1L2BFZ9RP015443,2024,82 kWh,https://ev.com/vehicle/7s8wul,2024AudiQ4 e-tronPremium Plus 50 quattro,"$30,170"
Audi,285 mi,31 minutes,"3,333 mi",355 HP,Up to 5,Magnet Gray,Black,SAE CCS DC fast charge connector,96 month/100000 miles,WA15AAGE8RB057097,2024,114 kWh,https://ev.com/vehicle/fcab8k,2024AudiQ8 e-tronPremium Plus quattro,"$42,175"
Audi,285 mi,31 minutes,"3,685 mi",355 HP,Up to 5,Glacier White Metallic,Okapi Brown,SAE CCS DC fast charge connector,96 month/100000 miles,WA15AAGE6RB050441,2024,114 kWh,https://ev.com/vehicle/0iqlbw,2024AudiQ8 e-tronPremium Plus quattro,"$41,962"
Audi,285 mi,31 minutes,"3,753 mi",355 HP,Up to 5,Glacier White Metallic,Pearl Beige,SAE CCS DC fast charge connector,96 month/100000 miles,WA15AAGE6RB020873,2024,114 kWh,https://ev.com/vehicle/3wfwbk,2024AudiQ8 e-tronPremium Plus quattro,"$43,125"
Audi,285 mi,31 minutes,"5,894 mi",355 HP,Up to 5,Glacier White Metallic,Okapi Brown,SAE CCS DC fast charge connector,96 month/100000 miles,WA15AAGE6RB033459,2024,114 kWh,https://ev.com/vehicle/a218vp,2024AudiQ8 e-tronPremium Plus quattro,"$42,799"
Audi,232 mi,23 minutes,"4,167 mi",591 HP,Up to 5,Suzuka Gray,Arras Red,SAE CCS DC fast charge connector,96 month/100000 miles,WAUBHBFW4R7900782,2024,93.4 kWh,https://ev.com/vehicle/pl2xho,2024AudiRS e-tron GTquattro,"$94,740"
Audi,241 mi,28 minutes,"26,880 mi",295 HP,Up to 5,Black,Black,SAE CCS DC fast charge connector,96 month/100000 miles,WA1G2BFZ9NP047725,2022,82 kWh,https://ev.com/vehicle/nrzgbt,2022AudiQ4 e-tronPremium 50 quattro,"$16,575"
Audi,236 mi,28 minutes,"13,050 mi",295 HP,Up to 5,Glacier White Metallic,Black/Rock Gray Stitching,SAE CCS DC fast charge connector,96 month/100000 miles,WA1M2BFZ1PP063231,2023,82 kWh,https://ev.com/vehicle/n83vpt,2023AudiQ4 e-tronPrestige 50 quattro,"$24,078"
Audi,265 mi,36 minutes,"8,664 mi",201 HP,Up to 5,Pebble Gray,Black/Rock Gray Stitching,SAE CCS DC fast charge connector,96 month/100000 miles,WA1BCBFZ1RP003697,2024,82 kWh,https://ev.com/vehicle/e0vres,2024AudiQ4 e-tronPremium Plus 40 RWD,"$26,166"
Audi,285 mi,31 minutes,"9,058 mi",355 HP,Up to 5,Glacier White Metallic,Pearl Beige,SAE CCS DC fast charge connector,96 month/100000 miles,WA15AAGE0RB019640,2024,114 kWh,https://ev.com/vehicle/up4ybb,2024AudiQ8 e-tronPremium Plus quattro,"$37,675"
Audi,232 mi,23 minutes,"7,299 mi",591 HP,Up to 5,Mythos Black Metallic,Black,SAE CCS DC fast charge connector,96 month/100000 miles,WAUAHBFW6R7900472,2024,93.4 kWh,https://ev.com/vehicle/bqzgxw,2024AudiRS e-tron GTquattro,"$90,731"
Audi,232 mi,23 minutes,"7,770 mi",591 HP,Up to 5,Mythos Black Metallic,Black,SAE CCS DC fast charge connector,96 month/100000 miles,WAUBHBFW0R7900133,2024,93.4 kWh,https://ev.com/vehicle/jejhkm,2024AudiRS e-tron GTquattro,"$89,531"
Audi,232 mi,23 minutes,"8,856 mi",591 HP,Up to 5,Mythos Black Metallic,Arras Red,SAE CCS DC fast charge connector,96 month/100000 miles,WAUBHBFW7R7900355,2024,93.4 kWh,https://ev.com/vehicle/3r6hoo,2024AudiRS e-tron GTquattro,"$87,939"
Audi,238 mi,23 minutes,"9,329 mi",469 HP,Up to 5,Suzuka Gray,Black,SAE CCS DC fast charge connector,96 month/100000 miles,WAUFJBFW4R7001815,2024,93.4 kWh,https://ev.com/vehicle/q8k3kd,2024Audie-tron GTPremium Plus quattro,"$61,640"
Audi,238 mi,23 minutes,"7,171 mi",469 HP,Up to 5,Suzuka Gray,Black,SAE CCS DC fast charge connector,96 month/100000 miles,WAUFJBFW9R7000790,2024,93.4 kWh,https://ev.com/vehicle/bcggeo,2024Audie-tron GTPremium Plus quattro,"$60,731"
Audi,23 mi,N/A,"6,070 mi",248 HP,Up to 5,Florett Silver Metallic,Black,N/A,N/A,WA1G2AFY1R2076897,2024,17.9 kWh,https://ev.com/vehicle/gshs5v,2024AudiQ5Premium 55 TFSI e S line quattro S tronic,"$38,195"
Audi,242 mi,28 minutes,"10,431 mi",295 HP,Up to 5,Glacier White Metallic,Black/Rock Gray Stitching,SAE CCS DC fast charge connector,96 month/100000 miles,WA132BFZ3RP021237,2024,82 kWh,https://ev.com/vehicle/9i11sf,2024AudiQ4 Sportback e-tronPremium Plus 50 quattro,"$30,172"
Audi,265 mi,36 minutes,"18,882 mi",201 HP,Up to 5,Navarra Blue Metallic,Black/Rock Gray Stitching,SAE CCS DC fast charge connector,96 month/100000 miles,WA1BCBFZ0PP050166,2023,82 kWh,https://ev.com/vehicle/mi24lt,2023AudiQ4 e-tronPremium Plus 40 RWD,"$19,458"
Audi,307 mi,21 minutes,1 mi,422 HP,Up to 5,Manhattan Gray Metallic,Black w/ Gray Stitching,SAE CCS DC fast charge connector,96 month/100000 miles,WA114BGF6SA020100,2025,100 kWh,https://ev.com/vehicle/nywczq,2025AudiQ6 e-tronPremium quattro,"$61,175"
Audi,310 mi,22 minutes,1 mi,302 HP,Up to 5,Mythos Black Metallic,Black w/ Gray Stitching,SAE CCS DC fast charge connector,96 month/100000 miles,WA112BGF9SA036281,2025,100 kWh,https://ev.com/vehicle/n980mg,2025AudiQ6 e-tronPremium,"$56,160"
Audi,307 mi,21 minutes,1 mi,422 HP,Up to 5,Mythos Black Metallic,Black w/ Gray Stitching,SAE CCS DC fast charge connector,96 month/100000 miles,WA114BGF3SA029076,2025,100 kWh,https://ev.com/vehicle/kdtsv3,2025AudiQ6 e-tronPremium quattro,"$59,275"
Audi,307 mi,21 minutes,1 mi,422 HP,Up to 5,Mythos Black Metallic,Black w/ Gray Stitching,SAE CCS DC fast charge connector,96 month/100000 miles,WA134BGF0SA035068,2025,100 kWh,https://ev.com/vehicle/sb9aft,2025AudiQ6 e-tronPrestige quattro,"$66,925"
Audi,307 mi,21 minutes,1 mi,422 HP,Up to 5,Magnet Gray,Black w/ Gray Stitching,SAE CCS DC fast charge connector,96 month/100000 miles,WA124BGF8SA007224,2025,100 kWh,https://ev.com/vehicle/bw6vqe,2025AudiQ6 e-tronPremium Plus quattro,"$64,005"
Audi,285 mi,31 minutes,"22,283 mi",355 HP,Up to 5,Mythos Black Metallic,Black,SAE CCS DC fast charge connector,96 month/100000 miles,WA15AAGE6RB011204,2024,114 kWh,https://ev.com/vehicle/mk6woe,2024AudiQ8 e-tronPremium Plus quattro,"$35,170"
Audi,208 mi,30 minutes,"18,120 mi",429 HP,Up to 5,Glacier White Metallic,Black,SAE CCS DC fast charge connector,96 month/100000 miles,WA1ACBGE5PB008449,2023,95 kWh,https://ev.com/vehicle/236kyi,2023Audie-tron SPremium Plus quattro,"$31,736"
Audi,26 mi,N/A,"64,179 mi",252 HP,Up to 5,Glacier White Metallic,Black W/Rock Gray Stitch,N/A,N/A,WAUTPBF27MN057959,2021,14.1 kWh,https://ev.com/vehicle/fj21qc,2021AudiA7 SportbackPremium Plus 55 TFSI e quattro S tronic,"$28,100"
Audi,285 mi,31 minutes,"29,329 mi",355 HP,Up to 5,Mythos Black Metallic,Pearl Beige,SAE CCS DC fast charge connector,96 month/100000 miles,WA15AAGE4RB008267,2024,114 kWh,https://ev.com/vehicle/q3sjul,2024AudiQ8 e-tronPremium Plus quattro,"$32,850"
Audi,222 mi,30 minutes,"46,954 mi",355 HP,Up to 5,Blue,Okapi Brown,SAE CCS DC fast charge connector,96 month/100000 miles,WA1LAAGE8NB025879,2022,95 kWh,https://ev.com/vehicle/519eb5,2022Audie-tronPremium Plus quattro,"$16,175"
Audi,222 mi,30 minutes,"28,395 mi",355 HP,Up to 5,Navarra Blue Metallic,Black,SAE CCS DC fast charge connector,96 month/100000 miles,WA1VABGE2NB041560,2022,95 kWh,https://ev.com/vehicle/ymngp7,2022Audie-tronChronos quattro,"$24,974"
Audi,208 mi,30 minutes,"30,837 mi",429 HP,Up to 5,Daytona Gray Pearl Effect,Black w/ Rock Gray Stitching,SAE CCS DC fast charge connector,96 month/100000 miles,WA1ACBGE2NB039493,2022,95 kWh,https://ev.com/vehicle/vtwr82,2022Audie-tron SPremium Plus quattro,"$25,338"
Audi,218 mi,30 minutes,"25,522 mi",355 HP,Up to 5,Florett Silver Metallic,Okapi Brown,SAE CCS DC fast charge connector,96 month/100000 miles,WA11AAGE9NB033822,2022,95 kWh,https://ev.com/vehicle/462zvh,2022Audie-tron SportbackPremium S line quattro,"$20,470"
Audi,236 mi,28 minutes,"9,070 mi",295 HP,Up to 5,Glacier White Metallic,Black/Rock Gray Stitching,SAE CCS DC fast charge connector,96 month/100000 miles,WA1K2BFZ4RP021095,2024,82 kWh,https://ev.com/vehicle/ua9qzy,2024AudiQ4 e-tronPremium 50 quattro,"$26,420"
Audi,285 mi,31 minutes,"28,127 mi",355 HP,Up to 5,Mythos Black Metallic,Pearl Beige,SAE CCS DC fast charge connector,96 month/100000 miles,WA15AAGE5RB005815,2024,114 kWh,https://ev.com/vehicle/btywt2,2024AudiQ8 e-tronPremium Plus quattro,"$34,166"
Audi,222 mi,30 minutes,"40,830 mi",355 HP,Up to 5,Manhattan Gray Metallic,Okapi Brown,SAE CCS DC fast charge connector,96 month/100000 miles,WA1LAAGE8NB013327,2022,95 kWh,https://ev.com/vehicle/scvirp,2022Audie-tronPremium Plus quattro,"$19,175"
Audi,16 mi,N/A,"83,991 mi",150 HP,Up to 5,Brilliant Black,Black,N/A,N/A,WAUTPBFF4GA081134,2016,8.8 kWh,https://ev.com/vehicle/djvmnm,2016AudiA3 e-tron1.4T Premium,"$5,597"
Audi,307 mi,21 minutes,1 mi,422 HP,Up to 5,Manhattan Gray Metallic,Santos Brown w/ Gray Stitching,SAE CCS DC fast charge connector,96 month/100000 miles,WA114BGFXSA029138,2025,100 kWh,https://ev.com/vehicle/4lzktu,2025AudiQ6 e-tronPremium quattro,"$59,950"
Audi,226 mi,30 minutes,"39,638 mi",355 HP,Up to 5,Glacier White Metallic,Okapi Brown,SAE CCS DC fast charge connector,96 month/100000 miles,WA1LAAGE5PB023798,2023,95 kWh,https://ev.com/vehicle/wh6qc1,2023Audie-tronPremium Plus quattro,"$19,270"
Audi,238 mi,23 minutes,"12,822 mi",469 HP,Up to 5,Daytona Gray Pearl Effect,Black,SAE CCS DC fast charge connector,96 month/100000 miles,WAUFJBFW6R7001475,2024,93.4 kWh,https://ev.com/vehicle/bdriaz,2024Audie-tron GTPremium Plus quattro,"$57,735"
Audi,222 mi,30 minutes,"37,135 mi",355 HP,Up to 5,Florett Silver Metallic,Black,SAE CCS DC fast charge connector,96 month/100000 miles,WA1AAAGE1NB020191,2022,95 kWh,https://ev.com/vehicle/becbe6,2022Audie-tronPremium quattro,"$17,270"
Audi,16 mi,N/A,"83,250 mi",150 HP,Up to 5,N/A,N/A,N/A,N/A,WAUVPBFF0GA138826,2016,8.8 kWh,https://ev.com/vehicle/80axci,2016AudiA3 e-tron1.4T Premium,"$6,165"
Audi,16 mi,N/A,"92,563 mi",150 HP,Up to 5,Tango Red Metallic,Rock Gray,N/A,N/A,WAUUPBFF4HA081849,2017,8.8 kWh,https://ev.com/vehicle/tarw23,2017AudiA3 e-tron1.4T Premium,"$3,950"
Audi,232 mi,23 minutes,"12,593 mi",590 HP,Up to 5,Gray,Black,SAE CCS DC fast charge connector,96 month/100000 miles,WAUAHBFW7N7902550,2022,93.4 kWh,https://ev.com/vehicle/36l4fh,2022AudiRS e-tron GTquattro,"$61,235"
Audi,307 mi,21 minutes,N/A,422 HP,Up to 5,Plasma Blue Metallic,Santos Brown,SAE CCS DC fast charge connector,96 month/100000 miles,WA124BGF2SA024570,2025,100 kWh,https://ev.com/vehicle/5xmbgs,2025AudiQ6 e-tronPremium Plus quattro,"$63,050"
BMW,267 mi,31 minutes,N/A,335 HP,Up to 5,Brooklyn Grey Metallic,Cognac,SAE CCS DC fast charge connector,96 month/100000 miles,WBY33HD09SFU97626,2025,83.9 kWh,https://ev.com/vehicle/c6xq39,2025BMWi4M50,"$65,235"
BMW,39 mi,N/A,N/A,308 HP,Up to 5,Blue Ridge Mountain Metallic,Black,N/A,N/A,5UX43EU02S9Z96382,2025,25.7 kWh,https://ev.com/vehicle/1t4j53,2025BMWX5 PHEVxDrive50e,"$77,615"
BMW,278 mi,30 minutes,N/A,335 HP,Up to 5,Black Sapphire Metallic,Black,SAE CCS DC fast charge connector,96 month/100000 miles,WBY33FK00SCU88192,2025,84.3 kWh,https://ev.com/vehicle/0my081,2025BMWi5eDrive40,"$67,680"
BMW,307 mi,34 minutes,330 mi,536 HP,Up to 5,Mineral White Metallic,Amarone,SAE CCS DC fast charge connector,96 month/100000 miles,WBY53EJ01RCP97751,2024,105.7 kWh,https://ev.com/vehicle/o6hvtc,2024BMWi7 SedanxDrive60,"$95,740"
BMW,318 mi,31 minutes,N/A,335 HP,Up to 5,Skyscraper Grey Metallic,Black,SAE CCS DC fast charge connector,96 month/100000 miles,WBY23HD04SFU75903,2025,83.9 kWh,https://ev.com/vehicle/gfh9hf,2025BMWi4eDrive40,"$51,835"
BMW,267 mi,31 minutes,N/A,335 HP,Up to 5,Black Sapphire Metallic,Cognac,SAE CCS DC fast charge connector,96 month/100000 miles,WBY33HD03SFU93782,2025,83.9 kWh,https://ev.com/vehicle/ackypx,2025BMWi4M50,"$66,110"
BMW,318 mi,31 minutes,N/A,335 HP,Up to 5,Alpine White,Black,SAE CCS DC fast charge connector,96 month/100000 miles,WBY23HD09SFU35980,2025,83.9 kWh,https://ev.com/vehicle/rje6e1,2025BMWi4eDrive40,"$51,920"
BMW,318 mi,31 minutes,N/A,335 HP,Up to 5,Portimao Blue Metallic,Black,SAE CCS DC fast charge connector,96 month/100000 miles,WBY23HD08SFU96611,2025,83.9 kWh,https://ev.com/vehicle/m4ngb4,2025BMWi4eDrive40,"$55,735"
BMW,318 mi,31 minutes,N/A,335 HP,Up to 5,Tanzanite Blue II Metallic,Cognac,SAE CCS DC fast charge connector,96 month/100000 miles,WBY23HD05SFU12017,2025,83.9 kWh,https://ev.com/vehicle/i35kb0,2025BMWi4eDrive40,"$53,920"
BMW,318 mi,31 minutes,8 mi,335 HP,Up to 5,Cape York Green Metallic,Canberra Beige,SAE CCS DC fast charge connector,96 month/100000 miles,WBY23HD00SFU92021,2025,83.9 kWh,https://ev.com/vehicle/16fig8,2025BMWi4eDrive40,"$55,520"
BMW,318 mi,31 minutes,8 mi,335 HP,Up to 5,Mineral White Metallic,Tacora Red,SAE CCS DC fast charge connector,96 month/100000 miles,WBY23HD09SFU91143,2025,83.9 kWh,https://ev.com/vehicle/zcvwqu,2025BMWi4eDrive40,"$54,270"
BMW,321 mi,34 minutes,N/A,449 HP,Up to 5,Alpine White,Tartufo,SAE CCS DC fast charge connector,96 month/100000 miles,WBY43EJ02SCU69014,2025,105.7 kWh,https://ev.com/vehicle/ncrbsw,2025BMWi7eDrive50,"$110,560"
BMW,25 mi,N/A,N/A,577 HP,Up to 5,Isle of Man Green Metallic,Kyalami Orange/Black,N/A,N/A,WBS83GV03SCU79679,2025,N/A,https://ev.com/vehicle/qbxgcb,2025BMWM5,"$124,980"
BMW,39 mi,N/A,N/A,308 HP,Up to 5,Brooklyn Grey Metallic,Cognac,N/A,N/A,5UX43EU08S9001023,2025,25.7 kWh,https://ev.com/vehicle/trm5hd,2025BMWX5 PHEVxDrive50e,"$82,680"
BMW,39 mi,N/A,1 mi,308 HP,Up to 5,Skyscraper Grey Metallic,Black,N/A,N/A,5UX43EU09S9Z99618,2025,25.7 kWh,https://ev.com/vehicle/ho7s8f,2025BMWX5 PHEVxDrive50e,"$80,715"
BMW,39 mi,N/A,N/A,308 HP,Up to 5,Alpine White,Cognac,N/A,N/A,5UX43EU04S9005215,2025,25.7 kWh,https://ev.com/vehicle/oxjnp9,2025BMWX5 PHEVxDrive50e,"$79,570"
BMW,318 mi,31 minutes,N/A,335 HP,Up to 5,Alpine White,Black,SAE CCS DC fast charge connector,96 month/100000 miles,WBY23HD02SFU14601,2025,83.9 kWh,https://ev.com/vehicle/xbvxuq,2025BMWi4eDrive40,"$47,465"
BMW,318 mi,31 minutes,N/A,335 HP,Up to 5,Alpine White,Black,SAE CCS DC fast charge connector,96 month/100000 miles,WBY23HD03SFU49535,2025,83.9 kWh,https://ev.com/vehicle/weztxc,2025BMWi4eDrive40,"$47,345"
BMW,318 mi,31 minutes,N/A,335 HP,Up to 5,Alpine White,Cognac,SAE CCS DC fast charge connector,96 month/100000 miles,WBY23HD05SFU14690,2025,83.9 kWh,https://ev.com/vehicle/l6mb74,2025BMWi4eDrive40,"$48,265"
BMW,318 mi,31 minutes,N/A,335 HP,Up to 5,Alpine White,Black,SAE CCS DC fast charge connector,96 month/100000 miles,WBY23HD07SFU23052,2025,83.9 kWh,https://ev.com/vehicle/rao8up,2025BMWi4eDrive40,"$48,165"
BMW,318 mi,31 minutes,N/A,335 HP,Up to 5,Alpine White,Black,SAE CCS DC fast charge connector,96 month/100000 miles,WBY23HD08SFU31936,2025,83.9 kWh,https://ev.com/vehicle/9g8nyh,2025BMWi4eDrive40,"$47,465"
BMW,318 mi,31 minutes,N/A,335 HP,Up to 5,Skyscraper Grey Metallic,Black,SAE CCS DC fast charge connector,96 month/100000 miles,WBY23HD09SFU16037,2025,83.9 kWh,https://ev.com/vehicle/y97e9y,2025BMWi4eDrive40,"$55,585"
BMW,318 mi,31 minutes,N/A,335 HP,Up to 5,Skyscraper Grey Metallic,Black,SAE CCS DC fast charge connector,96 month/100000 miles,WBY23HD09SFU19133,2025,83.9 kWh,https://ev.com/vehicle/3b04vm,2025BMWi4eDrive40,"$47,895"
BMW,318 mi,31 minutes,N/A,335 HP,Up to 5,Black Sapphire Metallic,Cognac,SAE CCS DC fast charge connector,96 month/100000 miles,WBY23HD09SFU44565,2025,83.9 kWh,https://ev.com/vehicle/59dtii,2025BMWi4eDrive40,"$48,395"
BMW,318 mi,31 minutes,N/A,335 HP,Up to 5,Alpine White,Cognac,SAE CCS DC fast charge connector,96 month/100000 miles,WBY23HD0XSFU45594,2025,83.9 kWh,https://ev.com/vehicle/nmo688,2025BMWi4eDrive40,"$47,945"
BMW,318 mi,31 minutes,N/A,335 HP,Up to 5,Black Sapphire Metallic,Black,SAE CCS DC fast charge connector,96 month/100000 miles,WBY23HD0XSFU48849,2025,83.9 kWh,https://ev.com/vehicle/hbvo6q,2025BMWi4eDrive40,"$48,595"
BMW,318 mi,31 minutes,N/A,335 HP,Up to 5,Skyscraper Grey Metallic,Black,SAE CCS DC fast charge connector,96 month/100000 miles,WBY23HD08SFU50776,2025,83.9 kWh,https://ev.com/vehicle/e4977b,2025BMWi4eDrive40,"$52,035"
BMW,318 mi,31 minutes,N/A,335 HP,Up to 5,Black Sapphire Metallic,Cognac,SAE CCS DC fast charge connector,96 month/100000 miles,WBY23HD01SFU55771,2025,83.9 kWh,https://ev.com/vehicle/3nv69j,2025BMWi4eDrive40,"$51,035"
BMW,318 mi,31 minutes,1 mi,335 HP,Up to 5,Jet Black,Black,SAE CCS DC fast charge connector,96 month/100000 miles,WBY23HD03SFU35408,2025,83.9 kWh,https://ev.com/vehicle/fq270c,2025BMWi4eDrive40,"$50,040"
BMW,318 mi,31 minutes,8 mi,335 HP,Up to 5,Vegas Red Metallic,Black,SAE CCS DC fast charge connector,96 month/100000 miles,WBY23HD0XSFU39164,2025,83.9 kWh,https://ev.com/vehicle/0ej9jh,2025BMWi4eDrive40,"$54,480"
BMW,256 mi,30 minutes,"5,376 mi",590 HP,Up to 5,Black,Black,SAE CCS DC fast charge connector,96 month/100000 miles,WBY43FK09RCS02645,2024,84.3 kWh,https://ev.com/vehicle/m2mfem,2024BMWi5M60,"$63,735"
BMW,295 mi,30 minutes,N/A,335 HP,Up to 5,Dark Graphite Metallic,Black,SAE CCS DC fast charge connector,96 month/100000 miles,WBY33FK00RCT00958,2024,83.9 kWh,https://ev.com/vehicle/qbig9a,2024BMWi5eDrive40,"$62,995"
BMW,295 mi,30 minutes,N/A,335 HP,Up to 5,Alpine White,Black,SAE CCS DC fast charge connector,96 month/100000 miles,WBY33FK08RCT00948,2024,83.9 kWh,https://ev.com/vehicle/75tw2z,2024BMWi5eDrive40,"$61,045"
BMW,295 mi,30 minutes,N/A,335 HP,Up to 5,Alpine White,Black,SAE CCS DC fast charge connector,96 month/100000 miles,WBY33FK09RCS97994,2024,83.9 kWh,https://ev.com/vehicle/qa5j4k,2024BMWi5eDrive40,"$61,845"
BMW,295 mi,30 minutes,N/A,335 HP,Up to 5,Alpine White,Black,SAE CCS DC fast charge connector,96 month/100000 miles,WBY33FK0XRCR97703,2024,83.9 kWh,https://ev.com/vehicle/ld146j,2024BMWi5eDrive40,"$59,085"
BMW,256 mi,30 minutes,N/A,590 HP,Up to 5,Alpine White,Espresso Brown,SAE CCS DC fast charge connector,96 month/100000 miles,WBY43FK03RCR86627,2024,84.3 kWh,https://ev.com/vehicle/zsdaet,2024BMWi5M60,"$82,685"
BMW,278 mi,30 minutes,1 mi,335 HP,Up to 5,Dark Graphite Metallic,Smoke White,SAE CCS DC fast charge connector,96 month/100000 miles,WBY33FK02RCS03194,2024,84.3 kWh,https://ev.com/vehicle/qacjdw,2024BMWi5eDrive40,"$57,264"
BMW,278 mi,30 minutes,8 mi,335 HP,Up to 5,Alpine White,Smoke White,SAE CCS DC fast charge connector,96 month/100000 miles,WBY33FK08RCR38309,2024,84.3 kWh,https://ev.com/vehicle/fgkoha,2024BMWi5eDrive40,"$53,612"
BMW,295 mi,30 minutes,8 mi,335 HP,Up to 5,Oxide Grey Metallic,Smoke White,SAE CCS DC fast charge connector,96 month/100000 miles,WBY33FK09RCP84628,2024,84.3 kWh,https://ev.com/vehicle/3z30mj,2024BMWi5eDrive40,"$57,924"
BMW,295 mi,30 minutes,8 mi,335 HP,Up to 5,Brooklyn Grey Metallic,Black,SAE CCS DC fast charge connector,96 month/100000 miles,WBY33FK09RCS01054,2024,84.3 kWh,https://ev.com/vehicle/53m6bz,2024BMWi5eDrive40,"$58,364"
BMW,248 mi,30 minutes,1 mi,590 HP,Up to 5,Mineral White Metallic,Smoke White,SAE CCS DC fast charge connector,96 month/100000 miles,WBY43FK04RCR76379,2024,84.3 kWh,https://ev.com/vehicle/2b858w,2024BMWi5M60,"$70,420"
BMW,256 mi,30 minutes,8 mi,590 HP,Up to 5,Brooklyn Grey Metallic,Black,SAE CCS DC fast charge connector,96 month/100000 miles,WBY43FK08SCT19803,2025,84.3 kWh,https://ev.com/vehicle/k84dwp,2025BMWi5M60,"$82,015"
BMW,324 mi,35 minutes,"4,536 mi",516 HP,Up to 5,White,Black,SAE CCS DC fast charge connector,96 month/100000 miles,WB523CF00RCN34602,2024,111.5 kWh,https://ev.com/vehicle/wgd8jj,2024BMWiXxDrive50,"$53,375"
BMW,315 mi,35 minutes,N/A,516 HP,Up to 5,Oxide Grey Metallic,Black,SAE CCS DC fast charge connector,96 month/100000 miles,WB523CF02SCU22714,2025,111.5 kWh,https://ev.com/vehicle/ivro91,2025BMWiXxDrive50,"$81,140"
BMW,315 mi,35 minutes,N/A,516 HP,Up to 5,Phytonic Blue Metallic,Black,SAE CCS DC fast charge connector,96 month/100000 miles,WB523CF07SCU22305,2025,111.5 kWh,https://ev.com/vehicle/00tphz,2025BMWiXxDrive50,"$82,705"
BMW,288 mi,35 minutes,N/A,532 HP,Up to 5,Black Sapphire Metallic,Black,SAE CCS DC fast charge connector,96 month/100000 miles,WB533CF03SCU41079,2025,111.5 kWh,https://ev.com/vehicle/l17p2f,2025BMWiXM60,"$107,200"
BMW,305 mi,35 minutes,N/A,516 HP,Up to 5,Storm Bay Metallic,Black,SAE CCS DC fast charge connector,96 month/100000 miles,WB523CF09SCU79279,2025,111.5 kWh,https://ev.com/vehicle/x13d6b,2025BMWiXxDrive50,"$87,900"
BMW,25 mi,N/A,N/A,577 HP,Up to 5,Frozen Deep Grey,Red/Black,N/A,N/A,WBS83FK07SCU61927,2025,N/A,https://ev.com/vehicle/kvjr6k,2025BMWM5,"$139,865"
BMW,25 mi,N/A,1 mi,577 HP,Up to 5,Alpine White,Red/Black,N/A,N/A,WBS83FK05SCU68584,2025,N/A,https://ev.com/vehicle/8prlax,2025BMWM5,"$122,850"
BMW,39 mi,N/A,N/A,308 HP,Up to 5,Black Sapphire Metallic,Coffee,N/A,N/A,5UX43EU04S9Y96476,2025,25.7 kWh,https://ev.com/vehicle/q1h163,2025BMWX5 PHEVxDrive50e,"$77,290"
BMW,39 mi,N/A,N/A,308 HP,Up to 5,Manhattan Green Metallic,Cognac,N/A,N/A,5UX43EU07S9Z92845,2025,25.7 kWh,https://ev.com/vehicle/qzyrj1,2025BMWX5 PHEVxDrive50e,"$76,365"
BMW,39 mi,N/A,N/A,308 HP,Up to 5,Manhattan Green Metallic,Cognac,N/A,N/A,5UX43EU07S9Z99505,2025,25.7 kWh,https://ev.com/vehicle/i3qdsq,2025BMWX5 PHEVxDrive50e,"$80,020"
BMW,39 mi,N/A,N/A,308 HP,Up to 5,Mineral White Metallic,Cognac,N/A,N/A,5UX43EU02S9Z93482,2025,25.7 kWh,https://ev.com/vehicle/l1znju,2025BMWX5 PHEVxDrive50e,"$78,765"
BMW,39 mi,N/A,N/A,308 HP,Up to 5,Skyscraper Grey Metallic,Black,N/A,N/A,5UX43EU00S9004367,2025,25.7 kWh,https://ev.com/vehicle/3e5qu7,2025BMWX5 PHEVxDrive50e,"$76,570"
BMW,31 mi,N/A,N/A,483 HP,Up to 5,Dravit Grey Metallic,Black,N/A,N/A,5YM23CS0XS9Y07923,2025,29.5 kWh,https://ev.com/vehicle/eer1aq,2025BMWXM,"$159,240"
BMW,31 mi,N/A,N/A,577 HP,Up to 5,Black Sapphire Metallic,Black,N/A,N/A,5YM33CS02S9X88921,2025,29.5 kWh,https://ev.com/vehicle/lo8wyt,2025BMWXMLabel Red,"$185,240"
BMW,153 mi,42 minutes,"58,358 mi",170 HP,Up to 4,White,Giga Brown/Carum Spice,SAE CCS DC fast charge connector,96 month/100000 miles,WBY8P2C54K7D22945,2019,42.2 kWh,https://ev.com/vehicle/lhyvns,2019BMWi3120Ah,"$1,590"
BMW,153 mi,42 minutes,"36,755 mi",170 HP,Up to 4,Mineral Gray Metallic w/BMW i Frozen Blue Accent,Deka Dark,SAE CCS DC fast charge connector,96 month/100000 miles,WBY8P2C05M7J01522,2021,42.2 kWh,https://ev.com/vehicle/jcg5vj,2021BMWi3120Ah,"$2,529"
BMW,N/A,N/A,N/A,N/A,N/A,N/A,N/A,N/A,N/A,N/A,N/A,N/A,https://ev.com/vehicle/tb8ad3,2017BMWi394 Ah w/Range Extender,N/A
BMW,301 mi,31 minutes,"19,873 mi",335 HP,Up to 5,Black,Black,SAE CCS DC fast charge connector,96 month/100000 miles,WBY73AW07RFR78880,2024,83.9 kWh,https://ev.com/vehicle/u9nmfh,2024BMWi4eDrive40,"$33,645"
BMW,301 mi,31 minutes,"32,647 mi",335 HP,Up to 5,White,Black,SAE CCS DC fast charge connector,96 month/100000 miles,WBY73AW06PFN87023,2023,83.9 kWh,https://ev.com/vehicle/31rgnz,2023BMWi4eDrive40,"$24,462"
BMW,301 mi,31 minutes,"12,223 mi",335 HP,Up to 5,Skyscraper Grey Metallic,Tacora Red,SAE CCS DC fast charge connector,96 month/100000 miles,WBY73AW0XRFS17597,2024,83.9 kWh,https://ev.com/vehicle/b2ys4d,2024BMWi4eDrive40,"$36,276"
BMW,318 mi,31 minutes,N/A,335 HP,Up to 5,Skyscraper Grey Metallic,Tacora Red,SAE CCS DC fast charge connector,96 month/100000 miles,WBY23HD03SFU90411,2025,83.9 kWh,https://ev.com/vehicle/362okf,2025BMWi4eDrive40,"$52,740"
BMW,267 mi,31 minutes,8 mi,335 HP,Up to 5,Black Sapphire Metallic,Cognac,SAE CCS DC fast charge connector,96 month/100000 miles,WBY33HD06SFU82680,2025,83.9 kWh,https://ev.com/vehicle/7crnrt,2025BMWi4M50,"$67,670"
BMW,256 mi,30 minutes,"1,466 mi",590 HP,Up to 5,Gray,Burgundy Red,SAE CCS DC fast charge connector,96 month/100000 miles,WBY43FK03RCS04293,2024,84.3 kWh,https://ev.com/vehicle/owjnah,2024BMWi5M60,"$57,721"
BMW,295 mi,30 minutes,"11,169 mi",335 HP,Up to 5,Black Sapphire Metallic,Espresso Brown,SAE CCS DC fast charge connector,96 month/100000 miles,WBY33FK01RCR11081,2024,84.3 kWh,https://ev.com/vehicle/rmdxkb,2024BMWi5eDrive40,"$50,735"
BMW,295 mi,30 minutes,"10,076 mi",335 HP,Up to 5,Black Sapphire Metallic,Black,SAE CCS DC fast charge connector,96 month/100000 miles,WBY33FK05RCR17028,2024,84.3 kWh,https://ev.com/vehicle/92tcf9,2024BMWi5eDrive40,"$50,735"
BMW,295 mi,30 minutes,1 mi,335 HP,Up to 5,Vegas Red Metallic,Silverstone II Atlas Grey,SAE CCS DC fast charge connector,96 month/100000 miles,WBY33FK09SCU62481,2025,84.3 kWh,https://ev.com/vehicle/omgkcn,2025BMWi5eDrive40,"$67,965"
BMW,321 mi,34 minutes,"4,858 mi",449 HP,Up to 5,Gray,Mocha,SAE CCS DC fast charge connector,96 month/100000 miles,WBY43EJ05RCP78387,2024,105.7 kWh,https://ev.com/vehicle/xvvabh,2024BMWi7 SedaneDrive50,"$73,735"
BMW,324 mi,35 minutes,"19,774 mi",516 HP,Up to 5,Black,Black,SAE CCS DC fast charge connector,96 month/100000 miles,WB523CF06RCP16899,2024,111.5 kWh,https://ev.com/vehicle/h59mi5,2024BMWiXxDrive50,"$55,170"
BMW,14 mi,N/A,"68,332 mi",184 HP,Up to 5,Mineral White Metallic,Black w/Red Hi/Stitch,N/A,N/A,WBA8E1C59JA756274,2018,7.6 kWh,https://ev.com/vehicle/59qg50,2018BMW330eiPerformance,"$9,905"
BMW,30 mi,N/A,"26,177 mi",282 HP,Up to 5,Mineral White Metallic,Ivory White,N/A,N/A,5UXTA6C01N9L47881,2022,24 kWh,https://ev.com/vehicle/he8jpq,2022BMWX5 PHEVxDrive45e,"$46,330"
BMW,31 mi,N/A,N/A,483 HP,Up to 5,Mineral White Metallic,Sakhir Orange/Black,N/A,N/A,5YM23CS0XS9Y38248,2025,29.5 kWh,https://ev.com/vehicle/xiolh4,2025BMWXM,"$160,515"
BMW,271 mi,31 minutes,"11,236 mi",536 HP,Up to 5,Gray,Black,SAE CCS DC fast charge connector,96 month/100000 miles,WBY33AW09RFS32946,2024,83.9 kWh,https://ev.com/vehicle/k7zpzc,2024BMWi4M50,"$46,887"
BMW,301 mi,31 minutes,"27,598 mi",335 HP,Up to 5,White,Cognac,SAE CCS DC fast charge connector,96 month/100000 miles,WBY73AW0XPFN74727,2023,83.9 kWh,https://ev.com/vehicle/j77zvp,2023BMWi4eDrive40,"$25,890"
BMW,271 mi,31 minutes,"9,175 mi",536 HP,Up to 5,Portimao Blue Metallic,Black,SAE CCS DC fast charge connector,96 month/100000 miles,WBY33AW0XRFS48816,2024,83.9 kWh,https://ev.com/vehicle/zdccr3,2024BMWi4M50,"$45,393"
BMW,256 mi,32 minutes,"5,720 mi",281 HP,Up to 5,Alpine White,Canberra Beige,SAE CCS DC fast charge connector,96 month/100000 miles,WBY43AW03RFS97053,2024,70.2 kWh,https://ev.com/vehicle/y74341,2024BMWi4eDrive35,"$29,893"
BMW,271 mi,31 minutes,"6,554 mi",536 HP,Up to 5,Mineral White Metallic,Tacora Red,SAE CCS DC fast charge connector,96 month/100000 miles,WBY33AW05RFS67242,2024,83.9 kWh,https://ev.com/vehicle/kw53rj,2024BMWi4M50,"$49,390"
BMW,278 mi,30 minutes,"8,492 mi",335 HP,Up to 5,Alpine White,Black,SAE CCS DC fast charge connector,96 month/100000 miles,WBY33FK04RCR13844,2024,84.3 kWh,https://ev.com/vehicle/tdtbfx,2024BMWi5eDrive40,"$46,702"
BMW,308 mi,34 minutes,"8,965 mi",536 HP,Up to 5,White,Cream,SAE CCS DC fast charge connector,96 month/100000 miles,WBY53EJ04PCN80126,2023,105.7 kWh,https://ev.com/vehicle/ncpj6h,2023BMWi7xDrive60,"$79,239"
BMW,308 mi,34 minutes,"13,896 mi",536 HP,Up to 5,Black,Tartufo,SAE CCS DC fast charge connector,96 month/100000 miles,WBY53EJ0XPCN21260,2023,105.7 kWh,https://ev.com/vehicle/k99rky,2023BMWi7xDrive60,"$69,240"
BMW,321 mi,34 minutes,N/A,449 HP,Up to 5,Black Sapphire Metallic,Amarone,SAE CCS DC fast charge connector,96 month/100000 miles,WBY43EJ0XSCU91357,2025,105.7 kWh,https://ev.com/vehicle/8jykep,2025BMWi7eDrive50,"$110,560"
BMW,298 mi,34 minutes,"8,646 mi",536 HP,Up to 5,Brooklyn Grey Metallic,Black,SAE CCS DC fast charge connector,96 month/100000 miles,WBY53EJ05RCR48252,2024,105.7 kWh,https://ev.com/vehicle/qz30k4,2024BMWi7 SedanxDrive60,"$89,585"
BMW,324 mi,35 minutes,"9,853 mi",516 HP,Up to 5,Black Sapphire Metallic,Black,SAE CCS DC fast charge connector,96 month/100000 miles,WB523CF03RCN72101,2024,111.5 kWh,https://ev.com/vehicle/ccxedv,2024BMWiXxDrive50,"$49,063"
BMW,39 mi,N/A,"17,081 mi",308 HP,Up to 5,Alpine White,Black,N/A,N/A,5UX43EU04R9T95386,2024,25.7 kWh,https://ev.com/vehicle/l15l8x,2024BMWX5 PHEVxDrive50e,"$64,175"
BMW,14 mi,N/A,"64,546 mi",245 HP,Up to 5,Space Gray Metallic,Black,N/A,N/A,5UXKT0C57G0S78880,2016,9.2 kWh,https://ev.com/vehicle/0yl1mi,2016BMWX5 eDrivexDrive40e,"$12,415"
BMW,N/A,N/A,N/A,N/A,N/A,N/A,N/A,N/A,N/A,N/A,N/A,N/A,https://ev.com/vehicle/220u3r,2014BMWi3Base w/Range Extender,N/A
BMW,256 mi,32 minutes,"24,813 mi",281 HP,Up to 5,White,Black,SAE CCS DC fast charge connector,96 month/100000 miles,WBY43AW03PFP82161,2023,70.2 kWh,https://ev.com/vehicle/n5rrv0,2023BMWi4eDrive35,"$23,790"
BMW,271 mi,31 minutes,"6,646 mi",536 HP,Up to 5,Black,Black,SAE CCS DC fast charge connector,96 month/100000 miles,WBY33AW0XRFS73070,2024,83.9 kWh,https://ev.com/vehicle/pgy08g,2024BMWi4M50,"$60,390"
BMW,301 mi,31 minutes,"15,973 mi",335 HP,Up to 5,Tanzanite Blue II Metallic,Black,SAE CCS DC fast charge connector,96 month/100000 miles,WBY73AW02PFN73474,2023,83.9 kWh,https://ev.com/vehicle/1x8r16,2023BMWi4eDrive40,"$28,006"
BMW,301 mi,31 minutes,"10,792 mi",335 HP,Up to 5,Black,Tacora Red,SAE CCS DC fast charge connector,96 month/100000 miles,WBY73AW05RFT15999,2024,83.9 kWh,https://ev.com/vehicle/hphbb6,2024BMWi4eDrive40,"$35,395"
BMW,256 mi,32 minutes,"14,230 mi",281 HP,Up to 5,Black,Black,SAE CCS DC fast charge connector,96 month/100000 miles,WBY43AW08RFR87171,2024,70.2 kWh,https://ev.com/vehicle/vby4ld,2024BMWi4eDrive35,"$29,386"
BMW,295 mi,30 minutes,"10,532 mi",335 HP,Up to 5,Black Sapphire Metallic,Black,SAE CCS DC fast charge connector,96 month/100000 miles,WBY33FK0XRCP18573,2024,83.9 kWh,https://ev.com/vehicle/vdzdhm,2024BMWi5eDrive40,"$45,706"
BMW,266 mi,30 minutes,N/A,389 HP,Up to 5,Mineral White Metallic,Espresso Brown,SAE CCS DC fast charge connector,96 month/100000 miles,WBY13HG06SCU53541,2025,84.3 kWh,https://ev.com/vehicle/tq54az,2025BMWi5xDrive40,"$72,665"
BMW,324 mi,35 minutes,"15,556 mi",516 HP,Up to 5,Black,Black,SAE CCS DC fast charge connector,96 month/100000 miles,WB523CF06RCR82505,2024,111.5 kWh,https://ev.com/vehicle/w7jh99,2024BMWiXxDrive50,"$53,670"
BMW,315 mi,35 minutes,"11,602 mi",516 HP,Up to 5,Black,Black,SAE CCS DC fast charge connector,96 month/100000 miles,WB523CF00SCS44043,2025,111.5 kWh,https://ev.com/vehicle/rr4pvk,2025BMWiXxDrive50,"$62,170"
BMW,324 mi,35 minutes,"11,514 mi",516 HP,Up to 5,Black,Black,SAE CCS DC fast charge connector,96 month/100000 miles,WB523CF04SCT24140,2025,111.5 kWh,https://ev.com/vehicle/swoxt7,2025BMWiXxDrive50,"$62,670"
BMW,324 mi,35 minutes,"27,045 mi",516 HP,Up to 5,Gray,Amido,SAE CCS DC fast charge connector,96 month/100000 miles,WB523CF02RCN46198,2024,111.5 kWh,https://ev.com/vehicle/g7z3qb,2024BMWiXxDrive50,"$48,259"
BMW,324 mi,35 minutes,"12,202 mi",516 HP,Up to 5,Black Sapphire Metallic,Black,SAE CCS DC fast charge connector,96 month/100000 miles,WB523CF03RCN59347,2024,111.5 kWh,https://ev.com/vehicle/i69y7t,2024BMWiXxDrive50,"$44,175"
BMW,274 mi,35 minutes,"11,488 mi",532 HP,Up to 5,Black Sapphire Metallic,Amido,SAE CCS DC fast charge connector,96 month/100000 miles,WB533CF00RCN74960,2024,111.5 kWh,https://ev.com/vehicle/6cae7k,2024BMWiXM60,"$69,165"
BMW,315 mi,35 minutes,N/A,516 HP,Up to 5,Alpine White,Black,SAE CCS DC fast charge connector,96 month/100000 miles,WB523CF04SCT24879,2025,111.5 kWh,https://ev.com/vehicle/6kce6j,2025BMWiXxDrive50,"$85,000"
BMW,23 mi,N/A,"24,797 mi",180 HP,Up to 5,Alpine White,Black,N/A,N/A,3MW5P7J01N8C54979,2022,12 kWh,https://ev.com/vehicle/3kojo5,2022BMW3 Series330e Sedan,"$25,397"
BMW,21 mi,N/A,"48,678 mi",181 HP,Up to 5,Mineral White Metallic,Black,N/A,N/A,WBA13AG0XMCG18258,2021,11 kWh,https://ev.com/vehicle/xdfv3s,2021BMW530e,"$17,663"
BMW,39 mi,N/A,"9,885 mi",308 HP,Up to 5,Alpine White,Black,N/A,N/A,5UX43EU0XR9T25701,2024,25.7 kWh,https://ev.com/vehicle/aic3ju,2024BMWX5 PHEVxDrive50e,"$72,193"
BMW,14 mi,N/A,"74,419 mi",245 HP,Up to 5,Alpine White,Black,N/A,N/A,5UXKT0C51G0F75243,2016,9.2 kWh,https://ev.com/vehicle/ifke46,2016BMWX5 eDrivexDrive40e,"$10,832"
BMW,256 mi,32 minutes,"27,985 mi",281 HP,Up to 5,Alpine White,Black,SAE CCS DC fast charge connector,96 month/100000 miles,WBY43AW01PFP84491,2023,70.2 kWh,https://ev.com/vehicle/5c9f4i,2023BMWi4eDrive35,"$20,693"
BMW,295 mi,30 minutes,1 mi,335 HP,Up to 5,Dark Graphite Metallic,Black,SAE CCS DC fast charge connector,96 month/100000 miles,WBY33FK06RCS94275,2024,84.3 kWh,https://ev.com/vehicle/ei5bck,2024BMWi5eDrive40,"$53,480"
BMW,324 mi,35 minutes,"39,607 mi",516 HP,Up to 5,Blue,Castanea Chestnut,SAE CCS DC fast charge connector,96 month/100000 miles,WB523CF06NCK60221,2022,111.5 kWh,https://ev.com/vehicle/wfbkvy,2022BMWiXxDrive50,"$32,036"
BMW,324 mi,35 minutes,"33,185 mi",516 HP,Up to 5,Gray,Mocha,SAE CCS DC fast charge connector,96 month/100000 miles,WB523CF05NCK69265,2022,111.5 kWh,https://ev.com/vehicle/j0t22p,2022BMWiXxDrive50,"$31,875"
BMW,23 mi,N/A,"26,242 mi",180 HP,Up to 5,Black Sapphire Metallic,Black,N/A,N/A,3MW39FF03R8D89648,2024,12 kWh,https://ev.com/vehicle/ev7h22,2024BMW3 Series330e Sedan,"$29,003"
BMW,23 mi,N/A,"31,767 mi",180 HP,Up to 5,Melbourne Red Metallic,Cognac,N/A,N/A,3MW5P7J09N8C44037,2022,12 kWh,https://ev.com/vehicle/zc77ho,2022BMW3 Series330e Sedan,"$19,515"
BMW,14 mi,N/A,"85,942 mi",184 HP,Up to 5,Mediterranean Blue Metallic,Black,N/A,N/A,WBA8E1C59JA177981,2018,7.6 kWh,https://ev.com/vehicle/x4zkzu,2018BMW330eiPerformance,"$8,381"
BMW,21 mi,N/A,"27,587 mi",181 HP,Up to 5,Carbon Black Metallic,Cognac w/ Contrast Stitching,N/A,N/A,WBA13AG07NCJ50410,2022,11 kWh,https://ev.com/vehicle/3y1g7a,2022BMW530e,"$29,063"
BMW,21 mi,N/A,"30,603 mi",181 HP,Up to 5,Alpine White,Black,N/A,N/A,WBA13AG0XNCJ66987,2022,11 kWh,https://ev.com/vehicle/1uzvgw,2022BMW530e,"$29,833"
BMW,30 mi,N/A,"30,670 mi",282 HP,Up to 5,Alpine White,Black,N/A,N/A,5UXTA6C05M9H94666,2021,24 kWh,https://ev.com/vehicle/5pe2vh,2021BMWX5 PHEVxDrive45e,"$35,578"
BMW,14 mi,N/A,"93,133 mi",245 HP,Up to 5,Alpine White,Terra,N/A,N/A,5UXKT0C51G0S79586,2016,9.2 kWh,https://ev.com/vehicle/704hyw,2016BMWX5 eDrivexDrive40e,"$9,345"
BMW,81 mi,30 minutes,"59,501 mi",170 HP,Up to 4,White,Gray,SAE CCS DC fast charge connector,96 month/100000 miles,WBY1Z2C54FV287270,2015,22 kWh,https://ev.com/vehicle/dh4rub,2015BMWi3,N/A
BMW,256 mi,32 minutes,"11,138 mi",281 HP,Up to 5,Alpine White,Black,SAE CCS DC fast charge connector,96 month/100000 miles,WBY43AW03RFS53764,2024,70.2 kWh,https://ev.com/vehicle/n4vlu0,2024BMWi4eDrive35,"$34,283"
BMW,278 mi,30 minutes,"9,165 mi",335 HP,Up to 5,Black Sapphire Metallic,Smoke White,SAE CCS DC fast charge connector,96 month/100000 miles,WBY33FK06RCR35392,2024,84.3 kWh,https://ev.com/vehicle/v4k4dw,2024BMWi5eDrive40,"$45,221"
BMW,324 mi,35 minutes,"22,676 mi",516 HP,Up to 5,Black,Black,SAE CCS DC fast charge connector,96 month/100000 miles,WB523CF03RCP00675,2024,111.5 kWh,https://ev.com/vehicle/tsvi1k,2024BMWiXxDrive50,"$55,170"
BMW,14 mi,N/A,"84,034 mi",184 HP,Up to 5,Alpine White,Black w/Red Highlight,N/A,N/A,WBA8E1C31HA156888,2017,7.6 kWh,https://ev.com/vehicle/5ss77p,2017BMW330eiPerformance,"$5,670"
BMW,16 mi,N/A,"72,134 mi",180 HP,Up to 5,Glacier Silver Metallic,Black,N/A,N/A,WBAJA9C50JB253304,2018,11 kWh,https://ev.com/vehicle/8n4z5x,2018BMW530eiPerformance,"$10,080"
BMW,16 mi,N/A,"103,177 mi",180 HP,Up to 5,Gray,Black,N/A,N/A,WBAJA9C5XJB034527,2018,11 kWh,https://ev.com/vehicle/zjzmt0,2018BMW530eiPerformance,"$6,170"
BMW,30 mi,N/A,"53,891 mi",282 HP,Up to 5,Jet Black,Black,N/A,N/A,5UXTA6C03P9P57102,2023,24 kWh,https://ev.com/vehicle/dzls1s,2023BMWX5 PHEVxDrive45e,"$28,190"
BMW,30 mi,N/A,"52,379 mi",282 HP,Up to 5,Alpine White,Black,N/A,N/A,5UXTA6C0XP9N95162,2023,24 kWh,https://ev.com/vehicle/f43eb8,2023BMWX5 PHEVxDrive45e,"$28,690"
BMW,18 mi,N/A,"10,894 mi",228 HP,Up to 2,Crystal White Pearl Metallic w/BMW i Frozen Blue,Tera Excl Dalbergia Brown,N/A,N/A,WBY2Z6C58K7D63909,2019,11.6 kWh,https://ev.com/vehicle/8tire9,2019BMWi8,"$81,674"
BMW,318 mi,31 minutes,9 mi,335 HP,Up to 5,Skyscraper Grey Metallic,Black Perforated SensaTec,SAE CCS DC fast charge connector,96 month/100000 miles,WBY23HD0XSFU67076,2025,83.9 kWh,https://ev.com/vehicle/5t2j3w,2025BMWi4eDrive40,"$53,170"
BMW,288 mi,35 minutes,"2,863 mi",532 HP,Up to 5,MINERAL WHITE,CASTANEA CHESTNUT,SAE CCS DC fast charge connector,96 month/100000 miles,WB533CF0XRCR13417,2024,111.5 kWh,https://ev.com/vehicle/7dheei,2024BMWiXM60,"$83,620"
BMW,318 mi,31 minutes,18 mi,335 HP,Up to 5,Jet Black,Black Perforated SensaTec,SAE CCS DC fast charge connector,96 month/100000 miles,WBY23HD00SFU35205,2025,83.9 kWh,https://ev.com/vehicle/e6z177,2025BMWi4eDrive40,"$51,865"
BMW,295 mi,31 minutes,27 mi,335 HP,Up to 5,Alpine White,Black Perforated SensaTec,SAE CCS DC fast charge connector,96 month/100000 miles,WBY23HD01SFU21233,2025,83.9 kWh,https://ev.com/vehicle/scoz36,2025BMWi4eDrive40,"$55,395"
BMW,318 mi,31 minutes,15 mi,335 HP,Up to 5,Alpine White,Black Perforated SensaTec,SAE CCS DC fast charge connector,96 month/100000 miles,WBY23HD02SFU36159,2025,83.9 kWh,https://ev.com/vehicle/700l4g,2025BMWi4eDrive40,"$51,165"
BMW,318 mi,31 minutes,14 mi,335 HP,Up to 5,Skyscraper Grey Metallic,Cognac Perforated SensaTec,SAE CCS DC fast charge connector,96 month/100000 miles,WBY23HD02SFU37487,2025,83.9 kWh,https://ev.com/vehicle/yx4uwt,2025BMWi4eDrive40,"$52,265"
BMW,318 mi,31 minutes,12 mi,335 HP,Up to 5,Skyscraper Grey Metallic,Black Perforated SensaTec,SAE CCS DC fast charge connector,96 month/100000 miles,WBY23HD03SFU37689,2025,83.9 kWh,https://ev.com/vehicle/y3y8fc,2025BMWi4eDrive40,"$52,765"
BMW,318 mi,31 minutes,9 mi,335 HP,Up to 5,Mineral White Metallic,Black Perforated SensaTec,SAE CCS DC fast charge connector,96 month/100000 miles,WBY23HD03SFU37837,2025,83.9 kWh,https://ev.com/vehicle/er2fcn,2025BMWi4eDrive40,"$53,815"
BMW,318 mi,31 minutes,10 mi,335 HP,Up to 5,Alpine White,Black Perforated SensaTec,SAE CCS DC fast charge connector,96 month/100000 miles,WBY23HD04SFU35904,2025,83.9 kWh,https://ev.com/vehicle/z6rze2,2025BMWi4eDrive40,"$52,315"
BMW,318 mi,31 minutes,15 mi,335 HP,Up to 5,Black Sapphire Metallic,Canberra Beige Perforated Sens,SAE CCS DC fast charge connector,96 month/100000 miles,WBY23HD06SFU35984,2025,83.9 kWh,https://ev.com/vehicle/fk11b5,2025BMWi4eDrive40,"$52,265"
BMW,318 mi,31 minutes,20 mi,335 HP,Up to 5,Alpine White,Canberra Beige Perforated Sens,SAE CCS DC fast charge connector,96 month/100000 miles,WBY23HD06SFU36956,2025,83.9 kWh,https://ev.com/vehicle/cwe704,2025BMWi4eDrive40,"$51,040"
BMW,318 mi,31 minutes,19 mi,335 HP,Up to 5,Alpine White,Black Perforated SensaTec,SAE CCS DC fast charge connector,96 month/100000 miles,WBY23HD06SFU37105,2025,83.9 kWh,https://ev.com/vehicle/cctel7,2025BMWi4eDrive40,"$51,915"
BMW,318 mi,31 minutes,7 mi,335 HP,Up to 5,Skyscraper Grey Metallic,Black Perforated SensaTec,SAE CCS DC fast charge connector,96 month/100000 miles,WBY23HD06SFU37699,2025,83.9 kWh,https://ev.com/vehicle/2qxuxg,2025BMWi4eDrive40,"$52,765"
BMW,318 mi,31 minutes,17 mi,335 HP,Up to 5,Alpine White,Black Perforated SensaTec,SAE CCS DC fast charge connector,96 month/100000 miles,WBY23HD07SFU36576,2025,83.9 kWh,https://ev.com/vehicle/08to1s,2025BMWi4eDrive40,"$52,140"
BMW,295 mi,31 minutes,4 mi,335 HP,Up to 5,Portimao Blue Metallic,Black Perforated SensaTec,SAE CCS DC fast charge connector,96 month/100000 miles,WBY23HD0XSFU37513,2025,83.9 kWh,https://ev.com/vehicle/6m2gw5,2025BMWi4eDrive40,"$54,915"
BMW,267 mi,31 minutes,8 mi,335 HP,Up to 5,Alpine White,Tacora Red Perforated SensaTec,SAE CCS DC fast charge connector,96 month/100000 miles,WBY33HD05SFU55356,2025,83.9 kWh,https://ev.com/vehicle/a8pmni,2025BMWi4M50,"$63,345"
BMW,267 mi,31 minutes,21 mi,335 HP,Up to 5,Brooklyn Grey Metallic,Tacora Red Perforated SensaTec,SAE CCS DC fast charge connector,96 month/100000 miles,WBY33HD06SFU48920,2025,83.9 kWh,https://ev.com/vehicle/lmht8p,2025BMWi4M50,"$64,695"
BMW,295 mi,30 minutes,41 mi,335 HP,Up to 5,Mineral White Metallic,Black Perforated Veganza,SAE CCS DC fast charge connector,96 month/100000 miles,WBY33FK09RCR81816,2024,84.3 kWh,https://ev.com/vehicle/ep5x34,2024BMWi5eDrive40,"$62,035"
BMW,295 mi,30 minutes,8 mi,335 HP,Up to 5,Alpine White,Espr Brown Perforated Veganza,SAE CCS DC fast charge connector,96 month/100000 miles,WBY33FK04SCU77258,2025,84.3 kWh,https://ev.com/vehicle/zsfb9u,2025BMWi5eDrive40,"$62,575"
BMW,295 mi,30 minutes,8 mi,335 HP,Up to 5,Brooklyn Grey Metallic,M Veganza/Alcantara Black,SAE CCS DC fast charge connector,96 month/100000 miles,WBY33FK06SCU78038,2025,84.3 kWh,https://ev.com/vehicle/70xesi,2025BMWi5eDrive40,"$67,815"
BMW,295 mi,30 minutes,8 mi,335 HP,Up to 5,Alpine White,Smoke White Perforated Veganza,SAE CCS DC fast charge connector,96 month/100000 miles,WBY33FK07SCU77402,2025,84.3 kWh,https://ev.com/vehicle/lx5fhc,2025BMWi5eDrive40,"$62,455"
BMW,295 mi,30 minutes,8 mi,335 HP,Up to 5,Black Sapphire Metallic,Black Perforated Veganza,SAE CCS DC fast charge connector,96 month/100000 miles,WBY33FK07SCU78050,2025,84.3 kWh,https://ev.com/vehicle/ouxaff,2025BMWi5eDrive40,"$63,315"
BMW,295 mi,30 minutes,10 mi,335 HP,Up to 5,Oxide Grey Met,Black Perforated Veganza,SAE CCS DC fast charge connector,96 month/100000 miles,WBY33FK00SCU65818,2025,84.3 kWh,https://ev.com/vehicle/qm1ck8,2025BMWi5eDrive40,"$65,415"
BMW,295 mi,30 minutes,10 mi,335 HP,Up to 5,Brooklyn Grey Metallic,Burgundy Red Perforated Veganz,SAE CCS DC fast charge connector,96 month/100000 miles,WBY33FK03SCU75873,2025,84.3 kWh,https://ev.com/vehicle/b77ynx,2025BMWi5eDrive40,"$66,565"
BMW,295 mi,30 minutes,8 mi,335 HP,Up to 5,Mineral White Metallic,Burgundy Red Perforated Veganz,SAE CCS DC fast charge connector,96 month/100000 miles,WBY33FK04SCU77034,2025,84.3 kWh,https://ev.com/vehicle/g9jb5o,2025BMWi5eDrive40,"$68,705"
BMW,295 mi,30 minutes,8 mi,335 HP,Up to 5,Black Sapphire Metallic,Black Perforated Veganza,SAE CCS DC fast charge connector,96 month/100000 miles,WBY33FK06SCU75110,2025,84.3 kWh,https://ev.com/vehicle/wzmkpv,2025BMWi5eDrive40,"$66,565"
BMW,295 mi,30 minutes,17 mi,335 HP,Up to 5,Tanzanite Blue II Metallic,Black Perforated Veganza,SAE CCS DC fast charge connector,96 month/100000 miles,WBY33FK0XSCU60805,2025,84.3 kWh,https://ev.com/vehicle/0ranqu,2025BMWi5eDrive40,"$69,715"
BMW,295 mi,30 minutes,8 mi,335 HP,Up to 5,Frozen Deep Grey,Smoke White Perforated Veganza,SAE CCS DC fast charge connector,96 month/100000 miles,WBY33FK00SCU87673,2025,84.3 kWh,https://ev.com/vehicle/oevtq3,2025BMWi5eDrive40,"$71,765"
BMW,295 mi,30 minutes,8 mi,335 HP,Up to 5,Alpine White,Espr Brown Perforated Veganza,SAE CCS DC fast charge connector,96 month/100000 miles,WBY33FK01SCU83650,2025,84.3 kWh,https://ev.com/vehicle/ai7v77,2025BMWi5eDrive40,"$61,365"
BMW,295 mi,30 minutes,8 mi,335 HP,Up to 5,Alpine White,Smoke White Perforated Veganza,SAE CCS DC fast charge connector,96 month/100000 miles,WBY33FK05SCU77723,2025,84.3 kWh,https://ev.com/vehicle/jx3lwb,2025BMWi5eDrive40,"$63,525"
BMW,295 mi,30 minutes,9 mi,335 HP,Up to 5,Black Sapphire Metallic,Black Perforated Veganza,SAE CCS DC fast charge connector,96 month/100000 miles,WBY33FK06SCU81537,2025,84.3 kWh,https://ev.com/vehicle/ydaz6q,2025BMWi5eDrive40,"$66,565"
BMW,295 mi,30 minutes,12 mi,335 HP,Up to 5,Cape York Green Metallic,Black Perforated Veganza,SAE CCS DC fast charge connector,96 month/100000 miles,WBY33FK06SCU80243,2025,84.3 kWh,https://ev.com/vehicle/7cu4h5,2025BMWi5eDrive40,"$67,265"
BMW,295 mi,30 minutes,5 mi,335 HP,Up to 5,Black Sapphire Metallic,Smoke White Perforated Veganza,SAE CCS DC fast charge connector,96 month/100000 miles,WBY33FK08SCU82544,2025,84.3 kWh,https://ev.com/vehicle/t0oxmr,2025BMWi5eDrive40,"$65,815"
BMW,295 mi,30 minutes,8 mi,335 HP,Up to 5,Alpine White,Black Perforated Veganza,SAE CCS DC fast charge connector,96 month/100000 miles,WBY33FK08SCU88019,2025,84.3 kWh,https://ev.com/vehicle/zyji0f,2025BMWi5eDrive40,"$64,965"
BMW,295 mi,30 minutes,8 mi,335 HP,Up to 5,Black Sapphire Metallic,Burgundy Red Perforated Veganz,SAE CCS DC fast charge connector,96 month/100000 miles,WBY33FK09SCU80138,2025,84.3 kWh,https://ev.com/vehicle/ac7tjf,2025BMWi5eDrive40,"$69,215"
BMW,295 mi,30 minutes,9 mi,335 HP,Up to 5,Black Sapphire Metallic,Burgundy Red Perforated Veganz,SAE CCS DC fast charge connector,96 month/100000 miles,WBY33FK09SCU88174,2025,84.3 kWh,https://ev.com/vehicle/eovtsw,2025BMWi5eDrive40,"$66,565"
BMW,295 mi,30 minutes,7 mi,335 HP,Up to 5,Dark Graphite Metallic,Black Perforated Veganza,SAE CCS DC fast charge connector,96 month/100000 miles,WBY33FK0XSCU76194,2025,84.3 kWh,https://ev.com/vehicle/zuy84g,2025BMWi5eDrive40,"$63,225"
BMW,295 mi,30 minutes,11 mi,335 HP,Up to 5,Black Sapphire Metallic,Black Perforated Veganza,SAE CCS DC fast charge connector,96 month/100000 miles,WBY33FK0XSCU81329,2025,84.3 kWh,https://ev.com/vehicle/t4p531,2025BMWi5eDrive40,"$66,565"
BMW,295 mi,30 minutes,9 mi,335 HP,Up to 5,Frozen Deep Grey,Burgundy Red Perforated Veganz,SAE CCS DC fast charge connector,96 month/100000 miles,WBY33FK0XSCU82898,2025,84.3 kWh,https://ev.com/vehicle/vzsb4m,2025BMWi5eDrive40,"$71,765"
BMW,295 mi,30 minutes,10 mi,335 HP,Up to 5,Brooklyn Grey Metallic,Black Perforated Veganza,SAE CCS DC fast charge connector,96 month/100000 miles,WBY33FK02SCU63391,2025,84.3 kWh,https://ev.com/vehicle/12h7kt,2025BMWi5eDrive40,"$66,865"
BMW,295 mi,30 minutes,8 mi,335 HP,Up to 5,Black Sapphire Metallic,Black Perforated Veganza,SAE CCS DC fast charge connector,96 month/100000 miles,WBY33FK04SCU89412,2025,84.3 kWh,https://ev.com/vehicle/naoxsm,2025BMWi5eDrive40,"$63,215"
BMW,256 mi,30 minutes,14 mi,590 HP,Up to 5,Frozen Deep Grey,Burgundy Red Perforated Veganz,SAE CCS DC fast charge connector,96 month/100000 miles,WBY43FK06SCU92929,2025,84.3 kWh,https://ev.com/vehicle/swmnex,2025BMWi5M60,"$86,215"
BMW,321 mi,34 minutes,11 mi,449 HP,Up to 5,Frozen Deep Grey,Amarone Extended Merino Leathe,SAE CCS DC fast charge connector,96 month/100000 miles,WBY43EJ04SCU71184,2025,105.7 kWh,https://ev.com/vehicle/vqk530,2025BMWi7eDrive50,"$115,365"
BMW,321 mi,34 minutes,14 mi,449 HP,Up to 5,Black Sapphire Metallic,Smoke White Extended Merino L,SAE CCS DC fast charge connector,96 month/100000 miles,WBY43EJ04SCU75431,2025,105.7 kWh,https://ev.com/vehicle/inu3lr,2025BMWi7eDrive50,"$105,565"
BMW,321 mi,34 minutes,12 mi,449 HP,Up to 5,Carbon Black Metallic,Black Extended Merino Leather,SAE CCS DC fast charge connector,96 month/100000 miles,WBY43EJ06SCU67766,2025,105.7 kWh,https://ev.com/vehicle/tvqpax,2025BMWi7eDrive50,"$111,365"
BMW,321 mi,34 minutes,12 mi,449 HP,Up to 5,Alpine White,Black Extended Merino Leather,SAE CCS DC fast charge connector,96 month/100000 miles,WBY43EJ07SCU66450,2025,105.7 kWh,https://ev.com/vehicle/yfq5po,2025BMWi7eDrive50,"$110,365"
BMW,321 mi,34 minutes,15 mi,449 HP,Up to 5,Frozen Deep Grey,Black Extended Merino Leather,SAE CCS DC fast charge connector,96 month/100000 miles,WBY43EJ0XSCU74087,2025,105.7 kWh,https://ev.com/vehicle/2a0vwh,2025BMWi7eDrive50,"$114,965"
BMW,321 mi,34 minutes,15 mi,449 HP,Up to 5,Black Sapphire Metallic,Tartufo Extended Merino Leathe,SAE CCS DC fast charge connector,96 month/100000 miles,WBY43EJ01SCU57517,2025,105.7 kWh,https://ev.com/vehicle/t9frpo,2025BMWi7eDrive50,"$103,665"
BMW,321 mi,34 minutes,12 mi,449 HP,Up to 5,Frozen Deep Grey,Amarone Extended Merino Leathe,SAE CCS DC fast charge connector,96 month/100000 miles,WBY43EJ07SCU68960,2025,105.7 kWh,https://ev.com/vehicle/ku2ty9,2025BMWi7eDrive50,"$115,365"
BMW,321 mi,34 minutes,13 mi,449 HP,Up to 5,Black Sapphire Metallic,Smoke White Extended Merino L,SAE CCS DC fast charge connector,96 month/100000 miles,WBY43EJ00SCU83414,2025,105.7 kWh,https://ev.com/vehicle/gp9zh6,2025BMWi7eDrive50,"$106,565"
BMW,321 mi,34 minutes,13 mi,449 HP,Up to 5,Frozen Deep Grey,Black Extended Merino Leather,SAE CCS DC fast charge connector,96 month/100000 miles,WBY43EJ01SCU85981,2025,105.7 kWh,https://ev.com/vehicle/kba3op,2025BMWi7eDrive50,"$115,365"
BMW,321 mi,34 minutes,13 mi,449 HP,Up to 5,Black Sapphire Metallic,Black Extended Merino Leather,SAE CCS DC fast charge connector,96 month/100000 miles,WBY43EJ02SCU82037,2025,105.7 kWh,https://ev.com/vehicle/rt8fjv,2025BMWi7eDrive50,"$106,565"
BMW,321 mi,34 minutes,12 mi,449 HP,Up to 5,Frozen Pure Grey Metallic,Black Extended Merino Leather,SAE CCS DC fast charge connector,96 month/100000 miles,WBY43EJ05SCU78922,2025,105.7 kWh,https://ev.com/vehicle/3nh6xl,2025BMWi7eDrive50,"$114,965"
BMW,321 mi,34 minutes,13 mi,449 HP,Up to 5,Alpine White,Amarone Extended Merino Leathe,SAE CCS DC fast charge connector,96 month/100000 miles,WBY43EJ06SCU82025,2025,105.7 kWh,https://ev.com/vehicle/rqheto,2025BMWi7eDrive50,"$110,365"
BMW,321 mi,34 minutes,14 mi,449 HP,Up to 5,Black Sapphire Metallic,Black Extended Merino Leather,SAE CCS DC fast charge connector,96 month/100000 miles,WBY43EJ07SCU80915,2025,105.7 kWh,https://ev.com/vehicle/0ka03d,2025BMWi7eDrive50,"$110,365"
BMW,321 mi,34 minutes,15 mi,449 HP,Up to 5,Alpine White,Smoke White Extended Merino L,SAE CCS DC fast charge connector,96 month/100000 miles,WBY43EJ08SCU82141,2025,105.7 kWh,https://ev.com/vehicle/k747js,2025BMWi7eDrive50,"$110,365"
BMW,321 mi,34 minutes,13 mi,449 HP,Up to 5,Black Sapphire Metallic,Black Extended Merino Leather,SAE CCS DC fast charge connector,96 month/100000 miles,WBY43EJ08SCU83385,2025,105.7 kWh,https://ev.com/vehicle/qh75kw,2025BMWi7eDrive50,"$105,565"
BMW,321 mi,34 minutes,13 mi,449 HP,Up to 5,Frozen Deep Grey,Amarone Extended Merino Leathe,SAE CCS DC fast charge connector,96 month/100000 miles,WBY43EJ00SCU86068,2025,105.7 kWh,https://ev.com/vehicle/wmqsna,2025BMWi7eDrive50,"$115,365"
BMW,321 mi,34 minutes,15 mi,449 HP,Up to 5,Brooklyn Grey Metallic,Smoke White Extended Merino L,SAE CCS DC fast charge connector,96 month/100000 miles,WBY43EJ08SCU91325,2025,105.7 kWh,https://ev.com/vehicle/8lvz10,2025BMWi7eDrive50,"$105,565"
BMW,321 mi,34 minutes,12 mi,449 HP,Up to 5,Frozen Deep Grey,Amarone Extended Merino Leathe,SAE CCS DC fast charge connector,96 month/100000 miles,WBY43EJ09SCU92547,2025,105.7 kWh,https://ev.com/vehicle/hv28ls,2025BMWi7eDrive50,"$110,165"
BMW,321 mi,34 minutes,13 mi,449 HP,Up to 5,Frozen Deep Grey,Black Extended Merino Leather,SAE CCS DC fast charge connector,96 month/100000 miles,WBY43EJ08SCU96539,2025,105.7 kWh,https://ev.com/vehicle/nqiw0g,2025BMWi7eDrive50,"$108,865"
BMW,321 mi,34 minutes,13 mi,449 HP,Up to 5,Frozen Deep Grey,Black Extended Merino Leather,SAE CCS DC fast charge connector,96 month/100000 miles,WBY43EJ00SCV09574,2025,105.7 kWh,https://ev.com/vehicle/ymz34c,2025BMWi7eDrive50,"$115,365"
BMW,321 mi,34 minutes,16 mi,449 HP,Up to 5,Black Sapphire Metallic,Amarone Extended Merino Leathe,SAE CCS DC fast charge connector,96 month/100000 miles,WBY43EJ02SCU97587,2025,105.7 kWh,https://ev.com/vehicle/7tl61y,2025BMWi7eDrive50,"$106,565"
BMW,321 mi,34 minutes,12 mi,449 HP,Up to 5,Frozen Deep Grey,Smoke White Extended Merino L,SAE CCS DC fast charge connector,96 month/100000 miles,WBY43EJ05SCV03656,2025,105.7 kWh,https://ev.com/vehicle/bjydv4,2025BMWi7eDrive50,"$114,965"
BMW,298 mi,34 minutes,13 mi,536 HP,Up to 5,Frozen Deep Grey,Amarone Extended Merino Leathe,SAE CCS DC fast charge connector,96 month/100000 miles,WBY53EJ05SCV01667,2025,105.7 kWh,https://ev.com/vehicle/5al7mc,2025BMWi7xDrive60,"$129,565"
BMW,298 mi,34 minutes,14 mi,536 HP,Up to 5,Alpine White,Amarone Extended Merino Leathe,SAE CCS DC fast charge connector,96 month/100000 miles,WBY53EJ06SCV01970,2025,105.7 kWh,https://ev.com/vehicle/cplijm,2025BMWi7xDrive60,"$124,965"
BMW,298 mi,34 minutes,820 mi,536 HP,Up to 5,OXIDE GREY METALLIC,BLACK,SAE CCS DC fast charge connector,96 month/100000 miles,WBY53EJ03RCS84405,2024,105.7 kWh,https://ev.com/vehicle/rub8lz,2024BMWi7 SedanxDrive60,"$110,535"
BMW,291 mi,34 minutes,"4,200 mi",650 HP,Up to 5,ALPINE WHITE,CARAMEL/ATLAS GREY,SAE CCS DC fast charge connector,96 month/100000 miles,WBY83EH00RCP55462,2024,105.7 kWh,https://ev.com/vehicle/hoo45p,2024BMWi7 SedanM70,"$150,685"
BMW,23 mi,N/A,"7,880 mi",180 HP,Up to 5,JET BLACK,COGNAC PERFORATED,N/A,N/A,3MW5P7J06N8C58753,2022,12 kWh,https://ev.com/vehicle/xn6zxi,2022BMW3 Series330e Sedan,"$26,946"
BMW,21 mi,N/A,"30,163 mi",181 HP,Up to 5,(Bernina Grey Amber Effect),(Black Perforated SensaTec),N/A,N/A,WBA13AG00NCK15890,2022,11 kWh,https://ev.com/vehicle/pjjh8q,2022BMW530e,"$30,056"
BMW,33 mi,N/A,9 mi,N/A,Up to 5,Brooklyn Grey Metallic,Burgundy Red Perforated Veganz,N/A,N/A,WBA13FK03SCU01763,2025,N/A,https://ev.com/vehicle/kwq5tw,2025BMW550exDrive,"$75,750"
BMW,33 mi,N/A,9 mi,N/A,Up to 5,Alpine White,Black Perforated Veganza,N/A,N/A,WBA13FK07SCU47595,2025,N/A,https://ev.com/vehicle/nrh8pt,2025BMW550exDrive,"$76,160"
BMW,25 mi,N/A,18 mi,577 HP,Up to 5,Brooklyn Grey Metallic,Red/Black Extd Merino Leather,N/A,N/A,WBS83FK09SCU41372,2025,N/A,https://ev.com/vehicle/o8tyoy,2025BMWM5,"$125,900"
BMW,25 mi,N/A,19 mi,577 HP,Up to 5,Black Sapphire Metallic,Orange/Black Ext Merino Leathe,N/A,N/A,WBS83GV04SCU77181,2025,N/A,https://ev.com/vehicle/p6yiyu,2025BMWM5,"$123,780"
BMW,39 mi,N/A,12 mi,308 HP,Up to 5,Alpine White,Black Sensafin,N/A,N/A,5UX43EU05S9Y77502,2025,25.7 kWh,https://ev.com/vehicle/yy7bma,2025BMWX5 PHEVxDrive50e,"$70,270"
BMW,39 mi,N/A,10 mi,308 HP,Up to 5,Alpine White,Black Sensafin,N/A,N/A,5UX43EU07T9018770,2026,25.7 kWh,https://ev.com/vehicle/o6etp9,2026BMWX5 PHEVxDrive50e,"$76,345"
BMW,31 mi,N/A,500 mi,483 HP,Up to 5,Black Sapphire Metallic,Sakhir Orange / Black Leather,N/A,N/A,5YM23CS00S9X84040,2025,29.5 kWh,https://ev.com/vehicle/rt8tgi,2025BMWXM,"$139,195"
BMW,31 mi,N/A,15 mi,483 HP,Up to 5,Black Sapphire Metallic,Sakhir Orange / Black Leather,N/A,N/A,5YM23CS01S9Z19588,2025,29.5 kWh,https://ev.com/vehicle/kwozn7,2025BMWXM,"$161,995"
BMW,31 mi,N/A,28 mi,483 HP,Up to 5,Frozen Brilliant White Met.,Sakhir Orange / Black Leather,N/A,N/A,5YM23CS02S9Y99254,2025,29.5 kWh,https://ev.com/vehicle/te685j,2025BMWXM,"$166,755"
BMW,31 mi,N/A,38 mi,483 HP,Up to 5,Frozen Brilliant White Met.,Sakhir Orange / Black Leather,N/A,N/A,5YM23CS04S9Y97019,2025,29.5 kWh,https://ev.com/vehicle/rkx19h,2025BMWXM,"$165,770"
BMW,31 mi,N/A,23 mi,483 HP,Up to 5,Black Sapphire Metallic,Black Extended Merino Leather,N/A,N/A,5YM23CS06S9Z44583,2025,29.5 kWh,https://ev.com/vehicle/zxtyv1,2025BMWXM,"$160,495"
BMW,31 mi,N/A,7 mi,577 HP,Up to 5,Brooklyn Grey Metallic,Silverstone / Vint Coffee Leat,N/A,N/A,5YM33CS04S9Z41735,2025,29.5 kWh,https://ev.com/vehicle/ra7wkq,2025BMWXMLabel Red,"$186,470"
BMW,31 mi,N/A,18 mi,577 HP,Up to 5,Dravit Grey Metallic,Silverstone / Vint Coffee Leat,N/A,N/A,5YM33CS03S9Z89839,2025,29.5 kWh,https://ev.com/vehicle/1rvgj7,2025BMWXMLabel Red,"$186,470"
BMW,31 mi,N/A,14 mi,483 HP,Up to 5,Cape York Green Metallic,Silverstone / Vint Coffee Leat,N/A,N/A,5YM23CS02S9Z93294,2025,29.5 kWh,https://ev.com/vehicle/8mypho,2025BMWXM,"$162,770"
BMW,31 mi,N/A,920 mi,483 HP,Up to 5,Isle of Man Green met,Black Extended Merino Leather,N/A,N/A,5YM23CS05S9X72885,2025,29.5 kWh,https://ev.com/vehicle/l1gi6r,2025BMWXM,"$137,663"
BMW,318 mi,31 minutes,"3,889 mi",335 HP,Up to 5,Dravit Grey Metallic,Black Perforated SensaTec,SAE CCS DC fast charge connector,96 month/100000 miles,WBY23HD03SFT98036,2025,83.9 kWh,https://ev.com/vehicle/8y7gaz,2025BMWi4eDrive40,"$50,394"
BMW,318 mi,31 minutes,"4,711 mi",335 HP,Up to 5,Cape York Green Metallic,Black Perforated SensaTec,SAE CCS DC fast charge connector,96 month/100000 miles,WBY23HD07SFT96435,2025,83.9 kWh,https://ev.com/vehicle/ug8aw6,2025BMWi4eDrive40,"$44,388"
BMW,318 mi,31 minutes,N/A,335 HP,Up to 5,Black Sapphire Metallic,Black Perforated SensaTec,SAE CCS DC fast charge connector,96 month/100000 miles,WBY23HD06SFV08416,2025,83.9 kWh,https://ev.com/vehicle/85ybce,2025BMWi4eDrive40,"$50,370"
BMW,256 mi,30 minutes,"2,275 mi",590 HP,Up to 5,Tanzanite Blue II Metallic,M Veganza/Alcantara Black,SAE CCS DC fast charge connector,96 month/100000 miles,WBY43FK03RCP34943,2024,84.3 kWh,https://ev.com/vehicle/r6i8ya,2024BMWi5M60,"$69,739"
BMW,256 mi,30 minutes,"4,941 mi",590 HP,Up to 5,CARBON BLACK METALLIC,BURGUNDY RED,SAE CCS DC fast charge connector,96 month/100000 miles,WBY43FK03RCN87247,2024,84.3 kWh,https://ev.com/vehicle/y7i8ua,2024BMWi5M60,"$64,485"
BMW,298 mi,34 minutes,"2,846 mi",536 HP,Up to 5,Aventurin Red Metallic,Tartufo Extended Merino Leathe,SAE CCS DC fast charge connector,96 month/100000 miles,WBY53EJ01RCP02590,2024,105.7 kWh,https://ev.com/vehicle/pe156w,2024BMWi7 SedanxDrive60,"$103,703"
BMW,298 mi,34 minutes,"2,885 mi",536 HP,Up to 5,OXIDE GREY METALLIC,BLACK EXTENDED MERINO LEATHER,SAE CCS DC fast charge connector,96 month/100000 miles,WBY53EJ03RCN97065,2024,105.7 kWh,https://ev.com/vehicle/65z4vq,2024BMWi7 SedanxDrive60,"$100,235"
BMW,298 mi,34 minutes,"2,127 mi",536 HP,Up to 5,Aventurin Red Metallic,Tartufo Extended Merino Leathe,SAE CCS DC fast charge connector,96 month/100000 miles,WBY53EJ04RCP02339,2024,105.7 kWh,https://ev.com/vehicle/3ooqxh,2024BMWi7 SedanxDrive60,"$102,651"
BMW,298 mi,34 minutes,"2,258 mi",536 HP,Up to 5,Carbon Black Metallic,Black Extended Merino Leather,SAE CCS DC fast charge connector,96 month/100000 miles,WBY53EJ04RCP04995,2024,105.7 kWh,https://ev.com/vehicle/g2rrb0,2024BMWi7 SedanxDrive60,"$105,610"
BMW,298 mi,34 minutes,"2,006 mi",536 HP,Up to 5,Aventurin Red Metallic,Tartufo Extended Merino Leathe,SAE CCS DC fast charge connector,96 month/100000 miles,WBY53EJ09RCP02370,2024,105.7 kWh,https://ev.com/vehicle/sr8fxo,2024BMWi7 SedanxDrive60,"$101,685"
BMW,321 mi,34 minutes,"1,110 mi",449 HP,Up to 5,BLACK SAPPHIRE METALLIC,BLACK,SAE CCS DC fast charge connector,96 month/100000 miles,WBY43EJ04RCS46841,2024,105.7 kWh,https://ev.com/vehicle/lm95ja,2024BMWi7 SedaneDrive50,"$81,580"
BMW,307 mi,34 minutes,"1,153 mi",536 HP,Up to 5,CARBON BLACK METALLIC,MOCHA,SAE CCS DC fast charge connector,96 month/100000 miles,WBY53EJ04RCS59402,2024,105.7 kWh,https://ev.com/vehicle/7zxirl,2024BMWi7 SedanxDrive60,"$100,565"
BMW,20 mi,N/A,"4,631 mi",180 HP,Up to 5,Alpine White,Black Vernasca Leather,N/A,N/A,3MW39FS06R8E83934,2024,12 kWh,https://ev.com/vehicle/b600ae,2024BMW3 Series330e xDrive Sedan,"$51,630"
BMW,25 mi,N/A,N/A,577 HP,Up to 5,Frozen Deep Grey,Red/Black Extd Merino Leather,N/A,N/A,WBS83FK04SCU59780,2025,N/A,https://ev.com/vehicle/9q0ste,2025BMWM5,"$128,955"
BMW,39 mi,N/A,"2,409 mi",308 HP,Up to 5,BROOKLYN GREY METALLIC,BLACK,N/A,N/A,5UX43EU01R9S46059,2024,25.7 kWh,https://ev.com/vehicle/u84gyo,2024BMWX5 PHEVxDrive50e,"$76,090"
BMW,39 mi,N/A,"1,219 mi",308 HP,Up to 5,MINERAL WHITE METALLIC,COFFEE,N/A,N/A,5UX43EU0XR9S49526,2024,25.7 kWh,https://ev.com/vehicle/lqnnmv,2024BMWX5 PHEVxDrive50e,"$75,090"
BMW,39 mi,N/A,"1,246 mi",308 HP,Up to 5,BLACK SAPPHIRE METALLIC,BLACK,N/A,N/A,5UX43EU05S9X36476,2025,25.7 kWh,https://ev.com/vehicle/uyv151,2025BMWX5 PHEVxDrive50e,"$69,720"
BMW,31 mi,N/A,N/A,483 HP,Up to 5,Black Sapphire Metallic,Sakhir Orange / Black Leather,N/A,N/A,5YM23CS08S9Z60705,2025,29.5 kWh,https://ev.com/vehicle/qpgicy,2025BMWXM,"$161,995"
BMW,318 mi,31 minutes,"7,546 mi",335 HP,Up to 5,Skyscraper Grey metallic,Black Perforated SensaTec,SAE CCS DC fast charge connector,96 month/100000 miles,WBY23HD04SFT92276,2025,83.9 kWh,https://ev.com/vehicle/w42gnk,2025BMWi4eDrive40,"$44,962"
BMW,318 mi,31 minutes,"6,044 mi",335 HP,Up to 5,Black Sapphire Metallic,Black Perforated SensaTec,SAE CCS DC fast charge connector,96 month/100000 miles,WBY23HD01SFT96382,2025,83.9 kWh,https://ev.com/vehicle/4m37gh,2025BMWi4eDrive40,"$50,394"
BMW,256 mi,30 minutes,"6,101 mi",590 HP,Up to 5,Brooklyn Grey met,Veganza perforated quilted blk,SAE CCS DC fast charge connector,96 month/100000 miles,WBY43FK02RCP89092,2024,84.3 kWh,https://ev.com/vehicle/c2afvu,2024BMWi5M60,"$68,739"
BMW,278 mi,30 minutes,"9,082 mi",335 HP,Up to 5,FROZEN DEEP GREY,BLACK,SAE CCS DC fast charge connector,96 month/100000 miles,WBY33FK05RCP43400,2024,84.3 kWh,https://ev.com/vehicle/k49dbd,2024BMWi5eDrive40,"$43,621"
BMW,295 mi,30 minutes,"6,204 mi",335 HP,Up to 5,Alpine White,Burgundy Red Perforated Veganz,SAE CCS DC fast charge connector,96 month/100000 miles,WBY33FK01SCT34994,2025,84.3 kWh,https://ev.com/vehicle/1rq69h,2025BMWi5eDrive40,"$55,740"
BMW,295 mi,30 minutes,N/A,335 HP,Up to 5,Alpine White,Black Perforated Veganza,SAE CCS DC fast charge connector,96 month/100000 miles,WBY33FK08SCT62260,2025,84.3 kWh,https://ev.com/vehicle/dt1m36,2025BMWi5eDrive40,"$63,060"
BMW,295 mi,30 minutes,"6,185 mi",335 HP,Up to 5,Black Sapphire Metallic,Smoke White Perforated Veganza,SAE CCS DC fast charge connector,96 month/100000 miles,WBY33FK00SCT59739,2025,84.3 kWh,https://ev.com/vehicle/gzw5s9,2025BMWi5eDrive40,"$55,740"
BMW,295 mi,30 minutes,N/A,335 HP,Up to 5,Alpine White,Black Perforated Veganza,SAE CCS DC fast charge connector,96 month/100000 miles,WBY33FK07SCU78131,2025,84.3 kWh,https://ev.com/vehicle/2isf1z,2025BMWi5eDrive40,"$63,240"
BMW,321 mi,34 minutes,"5,504 mi",449 HP,Up to 5,Alpine White,Tartufo Extended Merino Leathe,SAE CCS DC fast charge connector,96 month/100000 miles,WBY43EJ07SCT36233,2025,105.7 kWh,https://ev.com/vehicle/zm8d6z,2025BMWi7eDrive50,"$94,673"
BMW,321 mi,34 minutes,"5,704 mi",449 HP,Up to 5,Mineral White Metallic,Tartufo Extended Merino Leathe,SAE CCS DC fast charge connector,96 month/100000 miles,WBY43EJ01SCT38575,2025,105.7 kWh,https://ev.com/vehicle/2y1f1m,2025BMWi7eDrive50,"$95,061"
BMW,321 mi,34 minutes,"5,796 mi",449 HP,Up to 5,Dravit Grey Metallic,Smoke White Extended Merino L,SAE CCS DC fast charge connector,96 month/100000 miles,WBY43EJ00SCT33710,2025,105.7 kWh,https://ev.com/vehicle/c0h9zb,2025BMWi7eDrive50,"$97,073"
BMW,321 mi,34 minutes,"5,835 mi",449 HP,Up to 5,Black Sapphire Metallic,Smoke White Extended Merino L,SAE CCS DC fast charge connector,96 month/100000 miles,WBY43EJ00SCT33853,2025,105.7 kWh,https://ev.com/vehicle/1ymjeo,2025BMWi7eDrive50,"$94,673"
BMW,321 mi,34 minutes,"5,696 mi",449 HP,Up to 5,Alpine White,Mocha Extended Merino Leather,SAE CCS DC fast charge connector,96 month/100000 miles,WBY43EJ00RCR17423,2024,105.7 kWh,https://ev.com/vehicle/2upbli,2024BMWi7 SedaneDrive50,"$87,709"
BMW,321 mi,34 minutes,"6,248 mi",449 HP,Up to 5,Alpine White,Amarone Extended Merino Leathe,SAE CCS DC fast charge connector,96 month/100000 miles,WBY43EJ03RCR16086,2024,105.7 kWh,https://ev.com/vehicle/v1h04b,2024BMWi7 SedaneDrive50,"$88,539"
BMW,321 mi,34 minutes,"6,320 mi",449 HP,Up to 5,Alpine White,Black Extended Merino Leather,SAE CCS DC fast charge connector,96 month/100000 miles,WBY43EJ06RCR17457,2024,105.7 kWh,https://ev.com/vehicle/t2k0c4,2024BMWi7 SedaneDrive50,"$89,061"
BMW,321 mi,34 minutes,"6,209 mi",449 HP,Up to 5,Alpine White,Black Extended Merino Leather,SAE CCS DC fast charge connector,96 month/100000 miles,WBY43EJ08RCR17413,2024,105.7 kWh,https://ev.com/vehicle/11urum,2024BMWi7 SedaneDrive50,"$88,517"
BMW,321 mi,34 minutes,"6,112 mi",449 HP,Up to 5,Alpine White,Smoke White Extended Merino L,SAE CCS DC fast charge connector,96 month/100000 miles,WBY43EJ08RCR60200,2024,105.7 kWh,https://ev.com/vehicle/1pq9kh,2024BMWi7 SedaneDrive50,"$90,739"
BMW,321 mi,34 minutes,"5,696 mi",449 HP,Up to 5,ALPINE WHITE,AMARONE,SAE CCS DC fast charge connector,96 month/100000 miles,WBY43EJ0XRCR63244,2024,105.7 kWh,https://ev.com/vehicle/ipewxf,2024BMWi7 SedaneDrive50,"$68,621"
BMW,291 mi,34 minutes,"5,605 mi",650 HP,Up to 5,Brooklyn Grey met,Mocha Extended Merino Leather,SAE CCS DC fast charge connector,96 month/100000 miles,WBY83EH07RCP04928,2024,105.7 kWh,https://ev.com/vehicle/ufiioa,2024BMWi7 SedanM70,"$126,740"
BMW,321 mi,34 minutes,"7,363 mi",449 HP,Up to 5,Aventurin Red Metallic,Black Extended Merino Leather,SAE CCS DC fast charge connector,96 month/100000 miles,WBY43EJ05RCR72272,2024,105.7 kWh,https://ev.com/vehicle/jrzsvu,2024BMWi7 SedaneDrive50,"$94,307"
BMW,321 mi,34 minutes,"5,807 mi",449 HP,Up to 5,Alpine White,Mocha Extended Merino Leather,SAE CCS DC fast charge connector,96 month/100000 miles,WBY43EJ09RCS46026,2024,105.7 kWh,https://ev.com/vehicle/2p1dnd,2024BMWi7 SedaneDrive50,"$90,739"
BMW,305 mi,35 minutes,"5,008 mi",516 HP,Up to 5,Phytonic Blue Metallic,Black Perforated SensaTec,SAE CCS DC fast charge connector,96 month/100000 miles,WB523CF08RCN46335,2024,111.5 kWh,https://ev.com/vehicle/6nrnsc,2024BMWiXxDrive50,"$84,270"
BMW,324 mi,35 minutes,"7,261 mi",516 HP,Up to 5,Alpine White,Black Perforated SensaTec,SAE CCS DC fast charge connector,96 month/100000 miles,WB523CF00SCS07820,2025,111.5 kWh,https://ev.com/vehicle/5n5kb4,2025BMWiXxDrive50,"$72,167"
BMW,324 mi,35 minutes,"7,236 mi",516 HP,Up to 5,Blue Ridge Mountain Metallic,Black Perforated SensaTec,SAE CCS DC fast charge connector,96 month/100000 miles,WB523CF01SCS36081,2025,111.5 kWh,https://ev.com/vehicle/yy8ofb,2025BMWiXxDrive50,"$76,952"
BMW,324 mi,35 minutes,"7,063 mi",516 HP,Up to 5,Aventurin Red Metallic,Black Perforated SensaTec,SAE CCS DC fast charge connector,96 month/100000 miles,WB523CF02SCS21458,2025,111.5 kWh,https://ev.com/vehicle/p0i20y,2025BMWiXxDrive50,"$72,167"
BMW,324 mi,35 minutes,"7,165 mi",516 HP,Up to 5,Black Sapphire Metallic,Black Perforated SensaTec,SAE CCS DC fast charge connector,96 month/100000 miles,WB523CF03SCS14079,2025,111.5 kWh,https://ev.com/vehicle/uburyv,2025BMWiXxDrive50,"$76,075"
BMW,324 mi,35 minutes,"7,206 mi",516 HP,Up to 5,Black Sapphire Metallic,Black Perforated SensaTec,SAE CCS DC fast charge connector,96 month/100000 miles,WB523CF04SCS17069,2025,111.5 kWh,https://ev.com/vehicle/qcldi4,2025BMWiXxDrive50,"$76,706"
BMW,324 mi,35 minutes,"7,292 mi",516 HP,Up to 5,Black Sapphire Metallic,Castanea Chestnut Perf Leather,SAE CCS DC fast charge connector,96 month/100000 miles,WB523CF05SCS17100,2025,111.5 kWh,https://ev.com/vehicle/7z57ms,2025BMWiXxDrive50,"$78,175"
BMW,324 mi,35 minutes,"7,371 mi",516 HP,Up to 5,Alpine White,Black Perforated SensaTec,SAE CCS DC fast charge connector,96 month/100000 miles,WB523CF0XSCS06724,2025,111.5 kWh,https://ev.com/vehicle/79fnc1,2025BMWiXxDrive50,"$72,167"
BMW,288 mi,35 minutes,"7,119 mi",532 HP,Up to 5,Alpine White,Castanea Chestnut Perf Leather,SAE CCS DC fast charge connector,96 month/100000 miles,WB533CF08SCS17077,2025,111.5 kWh,https://ev.com/vehicle/aqexmw,2025BMWiXM60,"$95,675"
BMW,324 mi,35 minutes,"7,048 mi",516 HP,Up to 5,Storm Bay Metallic,Black Perforated SensaTec,SAE CCS DC fast charge connector,96 month/100000 miles,WB523CF03SCS11229,2025,111.5 kWh,https://ev.com/vehicle/930v0o,2025BMWiXxDrive50,"$79,073"
BMW,324 mi,35 minutes,"7,174 mi",516 HP,Up to 5,Black Sapphire Metallic,Castanea Chestnut Perf Leather,SAE CCS DC fast charge connector,96 month/100000 miles,WB523CF07SCS15591,2025,111.5 kWh,https://ev.com/vehicle/j0y7no,2025BMWiXxDrive50,"$78,063"
BMW,324 mi,35 minutes,"7,289 mi",516 HP,Up to 5,Black Sapphire Metallic,Black Perforated SensaTec,SAE CCS DC fast charge connector,96 month/100000 miles,WB523CF0XSCS14192,2025,111.5 kWh,https://ev.com/vehicle/pbz7d6,2025BMWiXxDrive50,"$75,718"
BMW,305 mi,35 minutes,"7,273 mi",516 HP,Up to 5,Storm Bay Metallic,Oyster Perforated SensaTec,SAE CCS DC fast charge connector,96 month/100000 miles,WB523CF08SCS17088,2025,111.5 kWh,https://ev.com/vehicle/u4r7jl,2025BMWiXxDrive50,"$78,063"
BMW,324 mi,35 minutes,"7,579 mi",516 HP,Up to 5,Aventurin Red Metallic,Black Perforated SensaTec,SAE CCS DC fast charge connector,96 month/100000 miles,WB523CF00SCS36234,2025,111.5 kWh,https://ev.com/vehicle/6kje8q,2025BMWiXxDrive50,"$72,167"
BMW,324 mi,35 minutes,"7,631 mi",516 HP,Up to 5,Oxide Grey met,Black Perforated SensaTec,SAE CCS DC fast charge connector,96 month/100000 miles,WB523CF02SCS36235,2025,111.5 kWh,https://ev.com/vehicle/vubv2v,2025BMWiXxDrive50,"$72,167"
BMW,305 mi,35 minutes,"7,058 mi",516 HP,Up to 5,Blue Ridge Mountain Metallic,Black Perforated SensaTec,SAE CCS DC fast charge connector,96 month/100000 miles,WB523CF02SCS50331,2025,111.5 kWh,https://ev.com/vehicle/gplnka,2025BMWiXxDrive50,"$67,174"
BMW,324 mi,35 minutes,"8,037 mi",516 HP,Up to 5,Black Sapphire Metallic,Black Perforated SensaTec,SAE CCS DC fast charge connector,96 month/100000 miles,WB523CF07SCS57176,2025,111.5 kWh,https://ev.com/vehicle/g46s7i,2025BMWiXxDrive50,"$67,174"
BMW,324 mi,35 minutes,"7,399 mi",516 HP,Up to 5,Phytonic Blue Metallic,Black Perforated SensaTec,SAE CCS DC fast charge connector,96 month/100000 miles,WB523CF08SCS38054,2025,111.5 kWh,https://ev.com/vehicle/uv6cd7,2025BMWiXxDrive50,"$72,167"
BMW,324 mi,35 minutes,"8,829 mi",516 HP,Up to 5,Phytonic Blue Metallic,Black Perforated SensaTec,SAE CCS DC fast charge connector,96 month/100000 miles,WB523CF00SCS17229,2025,111.5 kWh,https://ev.com/vehicle/wzc1d9,2025BMWiXxDrive50,"$74,175"
BMW,324 mi,35 minutes,"7,004 mi",516 HP,Up to 5,Blue Ridge Mountain Metallic,Black Perforated SensaTec,SAE CCS DC fast charge connector,96 month/100000 miles,WB523CF01SCS17143,2025,111.5 kWh,https://ev.com/vehicle/5ql5k7,2025BMWiXxDrive50,"$72,167"
BMW,315 mi,35 minutes,"7,756 mi",516 HP,Up to 5,Alpine White,Black Perforated SensaTec,SAE CCS DC fast charge connector,96 month/100000 miles,WB523CF02SCS38065,2025,111.5 kWh,https://ev.com/vehicle/kiaac4,2025BMWiXxDrive50,"$72,167"
BMW,324 mi,35 minutes,"8,655 mi",516 HP,Up to 5,Alpine White,Mocha Perforated SensaTec,SAE CCS DC fast charge connector,96 month/100000 miles,WB523CF06SCS14075,2025,111.5 kWh,https://ev.com/vehicle/hgrqzc,2025BMWiXxDrive50,"$71,175"
BMW,324 mi,35 minutes,"7,906 mi",516 HP,Up to 5,Storm Bay Metallic,Castanea Chestnut Perf Leather,SAE CCS DC fast charge connector,96 month/100000 miles,WB523CF06SCS20524,2025,111.5 kWh,https://ev.com/vehicle/4yno0v,2025BMWiXxDrive50,"$75,175"
BMW,324 mi,35 minutes,"7,845 mi",516 HP,Up to 5,Alpine White,Oyster Perforated SensaTec,SAE CCS DC fast charge connector,96 month/100000 miles,WB523CF08SCS20587,2025,111.5 kWh,https://ev.com/vehicle/b2az6o,2025BMWiXxDrive50,"$75,063"
BMW,324 mi,35 minutes,"7,068 mi",516 HP,Up to 5,Black Sapphire Metallic,Black Perforated SensaTec,SAE CCS DC fast charge connector,96 month/100000 miles,WB523CF0XSCS14063,2025,111.5 kWh,https://ev.com/vehicle/s1hkn2,2025BMWiXxDrive50,"$75,063"
BMW,324 mi,35 minutes,"7,023 mi",516 HP,Up to 5,Alpine White,Black Perforated SensaTec,SAE CCS DC fast charge connector,96 month/100000 miles,WB523CF00SCS50330,2025,111.5 kWh,https://ev.com/vehicle/g1s00l,2025BMWiXxDrive50,"$66,420"
BMW,324 mi,35 minutes,"7,315 mi",516 HP,Up to 5,Alpine White,Black Perforated SensaTec,SAE CCS DC fast charge connector,96 month/100000 miles,WB523CF04SCS18755,2025,111.5 kWh,https://ev.com/vehicle/v8j209,2025BMWiXxDrive50,"$72,675"
BMW,324 mi,35 minutes,"7,643 mi",516 HP,Up to 5,Storm Bay Metallic,Black Perforated SensaTec,SAE CCS DC fast charge connector,96 month/100000 miles,WB523CF09SCS20467,2025,111.5 kWh,https://ev.com/vehicle/bml1zr,2025BMWiXxDrive50,"$76,675"
BMW,23 mi,N/A,"29,014 mi",180 HP,Up to 5,JET BLACK,TACORA RED,N/A,N/A,3MW39FF02P8D00326,2023,12 kWh,https://ev.com/vehicle/utegwy,2023BMW3 Series330e Sedan,"$28,946"
BMW,21 mi,N/A,"16,313 mi",181 HP,Up to 5,BERNINA GREY AMBER EFFECT METALLIC,Black Perforated SensaTec,N/A,N/A,WBA13AG04NCK67944,2022,11 kWh,https://ev.com/vehicle/l4dkv0,2022BMW530e,"$32,056"
BMW,39 mi,N/A,N/A,308 HP,Up to 5,Manhattan Green Metallic,Coffee Sensafin,N/A,N/A,5UX43EU05T9025233,2026,25.7 kWh,https://ev.com/vehicle/mt6v7v,2026BMWX5 PHEVxDrive50e,"$76,020"
BMW,318 mi,31 minutes,N/A,335 HP,Up to 5,Black Sapphire Metallic,Black Perforated SensaTec,SAE CCS DC fast charge connector,96 month/100000 miles,WBY23HD05SFV12005,2025,83.9 kWh,https://ev.com/vehicle/3ryeqs,2025BMWi4eDrive40,"$55,420"
BMW,295 mi,30 minutes,N/A,335 HP,Up to 5,Mineral White Metallic,Black Perforated Veganza,SAE CCS DC fast charge connector,96 month/100000 miles,WBY33FK09RCS04214,2024,84.3 kWh,https://ev.com/vehicle/at7vzv,2024BMWi5eDrive40,"$62,535"
BMW,256 mi,30 minutes,N/A,590 HP,Up to 5,Frozen Deep Grey,Burgundy Red Perforated Veganz,SAE CCS DC fast charge connector,96 month/100000 miles,WBY43FK07SCV21001,2025,84.3 kWh,https://ev.com/vehicle/zbw99m,2025BMWi5M60,"$85,115"
BMW,310 mi,30 minutes,N/A,335 HP,Up to 5,Black Sapphire Metallic,Burgundy Red Perforated Veganz,SAE CCS DC fast charge connector,96 month/100000 miles,WBY63HG0XTCV32606,2026,84.3 kWh,https://ev.com/vehicle/frs4b6,2026BMWi5eDrive40,"$67,130"
BMW,321 mi,34 minutes,N/A,449 HP,Up to 5,Black Sapphire Metallic,Black Extended Merino Leather,SAE CCS DC fast charge connector,96 month/100000 miles,WBY43EJ02SCV27042,2025,105.7 kWh,https://ev.com/vehicle/1sgd18,2025BMWi7eDrive50,"$105,165"
BMW,321 mi,34 minutes,N/A,449 HP,Up to 5,Brooklyn Grey Metallic,Black Extended Merino Leather,SAE CCS DC fast charge connector,96 month/100000 miles,WBY43EJ03SCV31553,2025,105.7 kWh,https://ev.com/vehicle/ft1srv,2025BMWi7eDrive50,"$105,565"
BMW,321 mi,34 minutes,N/A,449 HP,Up to 5,Alpine White,Amarone Extended Merino Leathe,SAE CCS DC fast charge connector,96 month/100000 miles,WBY43EJ03SCV32332,2025,105.7 kWh,https://ev.com/vehicle/4m10a4,2025BMWi7eDrive50,"$105,565"
BMW,321 mi,34 minutes,N/A,449 HP,Up to 5,Black Sapphire Metallic,Black Extended Merino Leather,SAE CCS DC fast charge connector,96 month/100000 miles,WBY43EJ06SCV31644,2025,105.7 kWh,https://ev.com/vehicle/dkkyof,2025BMWi7eDrive50,"$105,565"
BMW,321 mi,34 minutes,N/A,449 HP,Up to 5,Black Sapphire Metallic,Black Extended Merino Leather,SAE CCS DC fast charge connector,96 month/100000 miles,WBY43EJ07SCV31412,2025,105.7 kWh,https://ev.com/vehicle/x8q86n,2025BMWi7eDrive50,"$110,365"
BMW,321 mi,34 minutes,N/A,449 HP,Up to 5,Alpine White,Amarone Extended Merino Leathe,SAE CCS DC fast charge connector,96 month/100000 miles,WBY43EJ09SCV32321,2025,105.7 kWh,https://ev.com/vehicle/v0404t,2025BMWi7eDrive50,"$105,565"
BMW,298 mi,34 minutes,N/A,536 HP,Up to 5,Frozen Deep Grey,Black Extended Merino Leather,SAE CCS DC fast charge connector,96 month/100000 miles,WBY53EJ04SCV24650,2025,105.7 kWh,https://ev.com/vehicle/srq4qb,2025BMWi7xDrive60,"$129,565"
BMW,324 mi,35 minutes,"11,019 mi",516 HP,Up to 5,DARK GRAPHITE METALLIC,BLACK,SAE CCS DC fast charge connector,96 month/100000 miles,WB523CF07RCP23523,2024,111.5 kWh,https://ev.com/vehicle/ke2dxq,2024BMWiXxDrive50,"$55,056"
BMW,305 mi,35 minutes,"11,173 mi",516 HP,Up to 5,Black Sapphire Metallic,Black Perforated SensaTec,SAE CCS DC fast charge connector,96 month/100000 miles,WB523CF03SCS47096,2025,111.5 kWh,https://ev.com/vehicle/ngyfdb,2025BMWiXxDrive50,"$66,952"
BMW,312 mi,34 minutes,N/A,402 HP,Up to 5,Black Sapphire Metallic,Oyster Perforated SensaTec,SAE CCS DC fast charge connector,96 month/100000 miles,WB543CF03TCV33413,2026,N/A,https://ev.com/vehicle/rs5aih,2026BMWiXxDrive45,"$67,695"
BMW,312 mi,34 minutes,N/A,402 HP,Up to 5,Storm Bay Metallic,Black Perforated SensaTec,SAE CCS DC fast charge connector,96 month/100000 miles,WB543CF06TCV33308,2026,N/A,https://ev.com/vehicle/vxczv6,2026BMWiXxDrive45,"$72,245"
BMW,364 mi,35 minutes,N/A,536 HP,Up to 5,Black Sapphire Metallic,Black Perforated SensaTec,SAE CCS DC fast charge connector,96 month/100000 miles,WB553CF07TCV23424,2026,N/A,https://ev.com/vehicle/2vit4z,2026BMWiXxDrive60,"$80,995"
BMW,285 mi,35 minutes,N/A,570 HP,Up to 5,Storm Bay Metallic,Amido Perforated Leather,SAE CCS DC fast charge connector,96 month/100000 miles,WB563CF0XTCV29531,2026,N/A,https://ev.com/vehicle/jmohtq,2026BMWiXM70,"$110,850"
BMW,23 mi,N/A,"21,836 mi",180 HP,Up to 5,(Jet Black),(Black SensaTec),N/A,N/A,3MW5P7J06M8B75838,2021,12 kWh,https://ev.com/vehicle/hii7j5,2021BMW3 Series330e Sedan,"$22,946"
BMW,23 mi,N/A,"14,189 mi",180 HP,Up to 5,BLACK SAPPHIRE,TACORA RED,N/A,N/A,3MW39FF00P8D20798,2023,12 kWh,https://ev.com/vehicle/ik3cs1,2023BMW3 Series330e Sedan,"$30,946"
BMW,23 mi,N/A,"15,300 mi",180 HP,Up to 5,MINERAL WHITE METALLIC,BLACK,N/A,N/A,3MW39FF01P8D22334,2023,12 kWh,https://ev.com/vehicle/gfrrya,2023BMW3 Series330e Sedan,"$34,650"
BMW,23 mi,N/A,"12,754 mi",180 HP,Up to 5,BLACK SAPPHIRE METALLIC,BLACK,N/A,N/A,3MW39FF08P8D62913,2023,12 kWh,https://ev.com/vehicle/y9vis8,2023BMW3 Series330e Sedan,"$33,056"
BMW,23 mi,N/A,"20,444 mi",180 HP,Up to 5,ALPINE WHITE,TACORA RED,N/A,N/A,3MW39FF05P8C83859,2023,12 kWh,https://ev.com/vehicle/lavgua,2023BMW3 Series330e Sedan,"$30,056"
BMW,21 mi,N/A,"21,562 mi",181 HP,Up to 5,(Alpine White,Black Perforated SensaTec),N/A,N/A,WBA13AG09NCK02457,2022,11 kWh,https://ev.com/vehicle/y8shwd,2022BMW530e,"$32,056"
BMW,21 mi,N/A,"11,928 mi",181 HP,Up to 5,SKYSCRAPER GREY METALLIC,COGNAC,N/A,N/A,WBA13AG0XPCM67892,2023,11 kWh,https://ev.com/vehicle/qximuw,2023BMW530e,"$36,545"
BMW,295 mi,30 minutes,N/A,335 HP,Up to 5,Black Sapphire Metallic,Black Perforated Veganza,SAE CCS DC fast charge connector,96 month/100000 miles,WBY33FK03RCR02365,2024,84.3 kWh,https://ev.com/vehicle/cblonx,2024BMWi5eDrive40,"$63,535"
BMW,295 mi,30 minutes,N/A,335 HP,Up to 5,Black Sapphire Metallic,Black Perforated Veganza,SAE CCS DC fast charge connector,96 month/100000 miles,WBY33FK04RCR81612,2024,84.3 kWh,https://ev.com/vehicle/utae2m,2024BMWi5eDrive40,"$62,035"
BMW,324 mi,35 minutes,"25,181 mi",516 HP,Up to 5,(Alpine White),(Amido Perforated Leather),SAE CCS DC fast charge connector,96 month/100000 miles,WB523CF0XNCJ86737,2022,111.5 kWh,https://ev.com/vehicle/i8idls,2022BMWiXxDrive50,"$37,556"
BMW,23 mi,N/A,"30,035 mi",180 HP,Up to 5,(Mineral White Metallic),(Canberra Beige Perforated Sens),N/A,N/A,3MW5P7J04N8C30403,2022,12 kWh,https://ev.com/vehicle/xghybc,2022BMW3 Series330e Sedan,"$24,946"
BMW,23 mi,N/A,"36,375 mi",180 HP,Up to 5,Oxide Grey met),(Cognac Perforated SensaTec),N/A,N/A,WBA5P7C03NFL92866,2022,12 kWh,https://ev.com/vehicle/hjcitl,2022BMW3 Series330e Sedan,"$21,056"
BMW,23 mi,N/A,"27,116 mi",180 HP,Up to 5,MINERAL WHITE,TACORA RED,N/A,N/A,3MW5P7J01N8C57042,2022,12 kWh,https://ev.com/vehicle/pbpcoh,2022BMW3 Series330e Sedan,"$24,056"
BMW,21 mi,N/A,"31,198 mi",181 HP,Up to 5,ALPINE WHITE,BLACK,N/A,N/A,WBA13AG02NCJ40156,2022,11 kWh,https://ev.com/vehicle/svf44s,2022BMW530e,"$30,946"
BMW,21 mi,N/A,"30,916 mi",181 HP,Up to 5,ALPINE WHITE,BLACK PERFORATED,N/A,N/A,WBA13AG07NCH72458,2022,11 kWh,https://ev.com/vehicle/5vahhn,2022BMW530e,"$26,946"
BMW,21 mi,N/A,"28,031 mi",181 HP,Up to 5,(Mineral White Metallic),(Black Perforated SensaTec),N/A,N/A,WBA13AG05NCJ87097,2022,11 kWh,https://ev.com/vehicle/2tbjyj,2022BMW530e,"$30,946"
BMW,30 mi,N/A,"31,108 mi",282 HP,Up to 5,(Black Sapphire Metallic),(Cognac Vernasca Leather),N/A,N/A,5UXTA6C02N9M67205,2022,24 kWh,https://ev.com/vehicle/kw2mlt,2022BMWX5 PHEVxDrive45e,"$43,576"
BMW,39 mi,N/A,N/A,308 HP,Up to 5,Black Sapphire Metallic,Black Sensafin,N/A,N/A,5UX43EU00T9015130,2026,25.7 kWh,https://ev.com/vehicle/vcico7,2026BMWX5 PHEVxDrive50e,"$77,895"
BMW,39 mi,N/A,N/A,308 HP,Up to 5,Dravit Grey Metallic,Black Sensafin,N/A,N/A,5UX43EU03T9016689,2026,25.7 kWh,https://ev.com/vehicle/x8w8vl,2026BMWX5 PHEVxDrive50e,"$78,295"
BMW,39 mi,N/A,N/A,308 HP,Up to 5,Black Sapphire Metallic,Silverstone Sensafin,N/A,N/A,5UX43EU07T9015223,2026,25.7 kWh,https://ev.com/vehicle/xserok,2026BMWX5 PHEVxDrive50e,"$77,345"
BMW,318 mi,31 minutes,N/A,335 HP,Up to 5,Tanzanite Blue II Metallic,Mocha Vernasca Leather,SAE CCS DC fast charge connector,96 month/100000 miles,WBY23HD01SFU87183,2025,83.9 kWh,https://ev.com/vehicle/s4bcvf,2025BMWi4eDrive40,"$59,520"
BMW,318 mi,31 minutes,N/A,335 HP,Up to 5,Alpine White,Black Perforated SensaTec,SAE CCS DC fast charge connector,96 month/100000 miles,WBY23HD02SFV07750,2025,83.9 kWh,https://ev.com/vehicle/h9d1ah,2025BMWi4eDrive40,"$54,770"
BMW,318 mi,31 minutes,N/A,335 HP,Up to 5,Alpine White,Canberra Beige Perforated Sens,SAE CCS DC fast charge connector,96 month/100000 miles,WBY23HD02SFV09353,2025,83.9 kWh,https://ev.com/vehicle/05kd6g,2025BMWi4eDrive40,"$49,720"
BMW,318 mi,31 minutes,N/A,335 HP,Up to 5,Alpine White,Tacora Red Perforated SensaTec,SAE CCS DC fast charge connector,96 month/100000 miles,WBY23HD02SFV07859,2025,83.9 kWh,https://ev.com/vehicle/33duq6,2025BMWi4eDrive40,"$54,770"
BMW,318 mi,31 minutes,N/A,335 HP,Up to 5,Alpine White,Black Perforated SensaTec,SAE CCS DC fast charge connector,96 month/100000 miles,WBY23HD05SFV07712,2025,83.9 kWh,https://ev.com/vehicle/wb16f8,2025BMWi4eDrive40,"$54,770"
BMW,318 mi,31 minutes,N/A,335 HP,Up to 5,Alpine White,Canberra Beige Perforated Sens,SAE CCS DC fast charge connector,96 month/100000 miles,WBY23HD06SFV09713,2025,83.9 kWh,https://ev.com/vehicle/j9e087,2025BMWi4eDrive40,"$49,720"
BMW,318 mi,31 minutes,N/A,335 HP,Up to 5,Black Sapphire Metallic,Tacora Red Perforated SensaTec,SAE CCS DC fast charge connector,96 month/100000 miles,WBY23HD08SFV07400,2025,83.9 kWh,https://ev.com/vehicle/ku3dgi,2025BMWi4eDrive40,"$55,420"
BMW,318 mi,31 minutes,N/A,335 HP,Up to 5,Portimao Blue Metallic,Canberra Beige Perforated Sens,SAE CCS DC fast charge connector,96 month/100000 miles,WBY23HD09SFV01329,2025,83.9 kWh,https://ev.com/vehicle/ctbdc5,2025BMWi4eDrive40,"$55,970"
BMW,318 mi,31 minutes,N/A,335 HP,Up to 5,Cape York Green Metallic,Black Perforated SensaTec,SAE CCS DC fast charge connector,96 month/100000 miles,WBY23HD0XSFV07544,2025,83.9 kWh,https://ev.com/vehicle/tisecm,2025BMWi4eDrive40,"$50,370"
BMW,267 mi,31 minutes,N/A,335 HP,Up to 5,Brooklyn Grey Metallic,Black Vernasca Leather,SAE CCS DC fast charge connector,96 month/100000 miles,WBY33HD03SFV09415,2025,83.9 kWh,https://ev.com/vehicle/nyi8jc,2025BMWi4M50,"$67,770"
BMW,318 mi,31 minutes,N/A,335 HP,Up to 5,Skyscraper Grey Metallic,Black Perforated SensaTec,SAE CCS DC fast charge connector,96 month/100000 miles,WBY23HD02SFV09952,2025,83.9 kWh,https://ev.com/vehicle/fvzeac,2025BMWi4eDrive40,"$50,370"
BMW,318 mi,31 minutes,N/A,335 HP,Up to 5,Skyscraper Grey Metallic,Black Perforated SensaTec,SAE CCS DC fast charge connector,96 month/100000 miles,WBY23HD04SFV09788,2025,83.9 kWh,https://ev.com/vehicle/z95xvy,2025BMWi4eDrive40,"$50,370"
BMW,318 mi,31 minutes,N/A,335 HP,Up to 5,Alpine White,Tacora Red Perforated SensaTec,SAE CCS DC fast charge connector,96 month/100000 miles,WBY23HD0XSFV09925,2025,83.9 kWh,https://ev.com/vehicle/4mqemr,2025BMWi4eDrive40,"$49,720"
BMW,295 mi,30 minutes,N/A,335 HP,Up to 5,Black Sapphire Metallic,Black Perforated Veganza,SAE CCS DC fast charge connector,96 month/100000 miles,WBY33FK01RCR39284,2024,84.3 kWh,https://ev.com/vehicle/ymlzjx,2024BMWi5eDrive40,"$64,035"
BMW,295 mi,30 minutes,N/A,335 HP,Up to 5,Black Sapphire Metallic,Smoke White Perforated Veganza,SAE CCS DC fast charge connector,96 month/100000 miles,WBY33FK03RCR81696,2024,84.3 kWh,https://ev.com/vehicle/hx37ys,2024BMWi5eDrive40,"$62,035"
BMW,295 mi,30 minutes,N/A,335 HP,Up to 5,Mineral White Metallic,Espr Brown Perforated Veganza,SAE CCS DC fast charge connector,96 month/100000 miles,WBY33FK05RCS02153,2024,84.3 kWh,https://ev.com/vehicle/5vme38,2024BMWi5eDrive40,"$59,735"
BMW,295 mi,30 minutes,N/A,335 HP,Up to 5,Mineral White Metallic,Black Perforated Veganza,SAE CCS DC fast charge connector,96 month/100000 miles,WBY33FK0XRCS03895,2024,84.3 kWh,https://ev.com/vehicle/lzz7f7,2024BMWi5eDrive40,"$62,535"
BMW,295 mi,30 minutes,N/A,335 HP,Up to 5,Brooklyn Grey Metallic,M Veganza/Alcantara Black,SAE CCS DC fast charge connector,96 month/100000 miles,WBY33FK04SCU82685,2025,84.3 kWh,https://ev.com/vehicle/8htmqn,2025BMWi5eDrive40,"$67,865"
BMW,295 mi,30 minutes,N/A,335 HP,Up to 5,Oxide Grey Met,Black Perforated Veganza,SAE CCS DC fast charge connector,96 month/100000 miles,WBY33FK09SCU83802,2025,84.3 kWh,https://ev.com/vehicle/0a15in,2025BMWi5eDrive40,"$62,015"
BMW,256 mi,30 minutes,N/A,590 HP,Up to 5,Frozen Deep Grey,M Veganza/Alcantara Black,SAE CCS DC fast charge connector,96 month/100000 miles,WBY43FK09SCU81424,2025,84.3 kWh,https://ev.com/vehicle/b55701,2025BMWi5M60,"$87,865"
BMW,256 mi,30 minutes,N/A,590 HP,Up to 5,Black Sapphire Metallic,Black/Atlas Gry Merino Leather,SAE CCS DC fast charge connector,96 month/100000 miles,WBY43FK02SCV14229,2025,84.3 kWh,https://ev.com/vehicle/neldru,2025BMWi5M60,"$86,365"
BMW,256 mi,30 minutes,N/A,590 HP,Up to 5,Oxide Grey Met,Black/Atlas Gry Merino Leather,SAE CCS DC fast charge connector,96 month/100000 miles,WBY43FK07SCV12654,2025,84.3 kWh,https://ev.com/vehicle/e34wmq,2025BMWi5M60,"$86,365"
BMW,295 mi,30 minutes,N/A,335 HP,Up to 5,Black Sapphire Metallic,Smoke White Perforated Veganza,SAE CCS DC fast charge connector,96 month/100000 miles,WBY63HG01TCV04497,2026,84.3 kWh,https://ev.com/vehicle/3bnphr,2026BMWi5eDrive40,"$69,615"
BMW,295 mi,30 minutes,N/A,335 HP,Up to 5,Alpine White,Burgundy Red Perforated Veganz,SAE CCS DC fast charge connector,96 month/100000 miles,WBY63HG03TCV04422,2026,84.3 kWh,https://ev.com/vehicle/a684wm,2026BMWi5eDrive40,"$65,015"
BMW,295 mi,30 minutes,N/A,335 HP,Up to 5,Black Sapphire Metallic,Black Perforated Veganza,SAE CCS DC fast charge connector,96 month/100000 miles,WBY63HG07TCV02107,2026,84.3 kWh,https://ev.com/vehicle/hgbp2w,2026BMWi5eDrive40,"$67,665"
BMW,295 mi,30 minutes,N/A,335 HP,Up to 5,Black Sapphire Metallic,Burgundy Red Perforated Veganz,SAE CCS DC fast charge connector,96 month/100000 miles,WBY63HG08TCU91876,2026,84.3 kWh,https://ev.com/vehicle/axa5bi,2026BMWi5eDrive40,"$64,715"
BMW,295 mi,30 minutes,N/A,335 HP,Up to 5,Black Sapphire Metallic,Smoke White Perforated Veganza,SAE CCS DC fast charge connector,96 month/100000 miles,WBY63HG09TCV02187,2026,84.3 kWh,https://ev.com/vehicle/ygf6ly,2026BMWi5eDrive40,"$67,665"
BMW,295 mi,30 minutes,N/A,335 HP,Up to 5,Brooklyn Grey Metallic,Burgundy Red Perforated Veganz,SAE CCS DC fast charge connector,96 month/100000 miles,WBY63HG00TCV10081,2026,84.3 kWh,https://ev.com/vehicle/0a492n,2026BMWi5eDrive40,"$67,665"
BMW,295 mi,30 minutes,N/A,335 HP,Up to 5,Frozen Deep Grey,Burgundy Red Perforated Veganz,SAE CCS DC fast charge connector,96 month/100000 miles,WBY63HG06TCU94789,2026,84.3 kWh,https://ev.com/vehicle/gsm2hh,2026BMWi5eDrive40,"$69,115"
BMW,295 mi,30 minutes,N/A,335 HP,Up to 5,Brooklyn Grey Metallic,Black Perforated Veganza,SAE CCS DC fast charge connector,96 month/100000 miles,WBY63HG06TCV08903,2026,84.3 kWh,https://ev.com/vehicle/uz0yfd,2026BMWi5eDrive40,"$66,165"
BMW,295 mi,30 minutes,N/A,335 HP,Up to 5,Black Sapphire Metallic,Burgundy Red Perforated Veganz,SAE CCS DC fast charge connector,96 month/100000 miles,WBY63HG09TCV10080,2026,84.3 kWh,https://ev.com/vehicle/bqf3gt,2026BMWi5eDrive40,"$67,665"
BMW,295 mi,30 minutes,N/A,335 HP,Up to 5,Alpine White,Black Perforated Veganza,SAE CCS DC fast charge connector,96 month/100000 miles,WBY63HG04TCV15316,2026,84.3 kWh,https://ev.com/vehicle/rtdygb,2026BMWi5eDrive40,"$66,480"
BMW,295 mi,30 minutes,N/A,335 HP,Up to 5,Frozen Deep Grey,Smoke White Perforated Veganza,SAE CCS DC fast charge connector,96 month/100000 miles,WBY63HG07TCV14175,2026,84.3 kWh,https://ev.com/vehicle/q6wnpw,2026BMWi5eDrive40,"$69,665"
BMW,321 mi,34 minutes,N/A,449 HP,Up to 5,Alpine White,Black Extended Merino Leather,SAE CCS DC fast charge connector,96 month/100000 miles,WBY43EJ01SCT24224,2025,105.7 kWh,https://ev.com/vehicle/l115f7,2025BMWi7eDrive50,"$100,940"
BMW,321 mi,34 minutes,N/A,449 HP,Up to 5,Black Sapphire Metallic,Black Extended Merino Leather,SAE CCS DC fast charge connector,96 month/100000 miles,WBY43EJ05SCU65071,2025,105.7 kWh,https://ev.com/vehicle/j5inol,2025BMWi7eDrive50,"$116,665"
BMW,321 mi,34 minutes,N/A,449 HP,Up to 5,Carbon Black Metallic,Black Extended Merino Leather,SAE CCS DC fast charge connector,96 month/100000 miles,WBY43EJ02SCV04120,2025,105.7 kWh,https://ev.com/vehicle/k7ti59,2025BMWi7eDrive50,"$105,565"
BMW,298 mi,34 minutes,N/A,536 HP,Up to 5,Frozen Deep Grey,Smoke White Extended Merino L,SAE CCS DC fast charge connector,96 month/100000 miles,WBY53EJ04SCU94193,2025,105.7 kWh,https://ev.com/vehicle/e6dmrj,2025BMWi7xDrive60,"$129,565"
BMW,321 mi,34 minutes,N/A,449 HP,Up to 5,Brooklyn Grey Metallic,Smoke White Extended Merino L,SAE CCS DC fast charge connector,96 month/100000 miles,WBY43EJ01SCV13598,2025,105.7 kWh,https://ev.com/vehicle/4jcumx,2025BMWi7eDrive50,"$111,365"
BMW,321 mi,34 minutes,N/A,449 HP,Up to 5,Black Sapphire Metallic,Black Extended Merino Leather,SAE CCS DC fast charge connector,96 month/100000 miles,WBY43EJ05SCV11210,2025,105.7 kWh,https://ev.com/vehicle/svmiuj,2025BMWi7eDrive50,"$105,565"
BMW,321 mi,34 minutes,N/A,449 HP,Up to 5,Oxide Grey Met,Smoke White Extended Merino L,SAE CCS DC fast charge connector,96 month/100000 miles,WBY43EJ00SCV16220,2025,105.7 kWh,https://ev.com/vehicle/o4t0u6,2025BMWi7eDrive50,"$105,465"
BMW,298 mi,34 minutes,N/A,536 HP,Up to 5,Black Sapphire Metallic,Black Extended Merino Leather,SAE CCS DC fast charge connector,96 month/100000 miles,WBY53EJ05SCV13642,2025,105.7 kWh,https://ev.com/vehicle/i0nitr,2025BMWi7xDrive60,"$124,965"
BMW,298 mi,34 minutes,N/A,536 HP,Up to 5,Black Sapphire Metallic,Black Extended Merino Leather,SAE CCS DC fast charge connector,96 month/100000 miles,WBY53EJ08SCV16941,2025,105.7 kWh,https://ev.com/vehicle/w4qyhn,2025BMWi7xDrive60,"$124,965"
BMW,321 mi,34 minutes,N/A,449 HP,Up to 5,Frozen Deep Grey,Amarone Extended Merino Leathe,SAE CCS DC fast charge connector,96 month/100000 miles,WBY43EJ00SCV19070,2025,105.7 kWh,https://ev.com/vehicle/25okjk,2025BMWi7eDrive50,"$114,965"
BMW,321 mi,34 minutes,N/A,449 HP,Up to 5,Black Sapphire Metallic,Black Extended Merino Leather,SAE CCS DC fast charge connector,96 month/100000 miles,WBY43EJ00SCV23068,2025,105.7 kWh,https://ev.com/vehicle/pcl6kf,2025BMWi7eDrive50,"$105,565"
BMW,321 mi,34 minutes,N/A,449 HP,Up to 5,Frozen Deep Grey,Smoke White Extended Merino L,SAE CCS DC fast charge connector,96 month/100000 miles,WBY43EJ02SCV20334,2025,105.7 kWh,https://ev.com/vehicle/qoblse,2025BMWi7eDrive50,"$114,965"
BMW,321 mi,34 minutes,N/A,449 HP,Up to 5,Alpine White,Amarone Extended Merino Leathe,SAE CCS DC fast charge connector,96 month/100000 miles,WBY43EJ06SCV21700,2025,105.7 kWh,https://ev.com/vehicle/7ufh7o,2025BMWi7eDrive50,"$105,565"
BMW,305 mi,35 minutes,N/A,516 HP,Up to 5,Storm Bay Metallic,Black Perforated SensaTec,SAE CCS DC fast charge connector,96 month/100000 miles,WB523CF00SCT99885,2025,111.5 kWh,https://ev.com/vehicle/p8sspa,2025BMWiXxDrive50,"$87,850"
BMW,324 mi,35 minutes,N/A,516 HP,Up to 5,Alpine White,Oyster Perforated SensaTec,SAE CCS DC fast charge connector,96 month/100000 miles,WB523CF00SCU20007,2025,111.5 kWh,https://ev.com/vehicle/37h0lz,2025BMWiXxDrive50,"$79,800"
BMW,364 mi,35 minutes,N/A,536 HP,Up to 5,Frozen Deep Grey Metallic,Castanea Chestnut Perf Leather,SAE CCS DC fast charge connector,96 month/100000 miles,WB553CF00TCV05170,2026,N/A,https://ev.com/vehicle/n979b9,2026BMWiXxDrive60,"$96,300"
BMW,364 mi,35 minutes,N/A,536 HP,Up to 5,Black Sapphire Metallic,M Sport Black Sensatec/Atlas G,SAE CCS DC fast charge connector,96 month/100000 miles,WB553CF03TCV05034,2026,N/A,https://ev.com/vehicle/a2lsa3,2026BMWiXxDrive60,"$85,300"
BMW,364 mi,35 minutes,N/A,536 HP,Up to 5,Storm Bay Metallic,Amido Perforated Leather,SAE CCS DC fast charge connector,96 month/100000 miles,WB553CF07TCV03660,2026,N/A,https://ev.com/vehicle/v1m2n3,2026BMWiXxDrive60,"$90,750"
BMW,312 mi,34 minutes,N/A,402 HP,Up to 5,Dark Graphite Metallic,Black Perforated SensaTec,SAE CCS DC fast charge connector,96 month/100000 miles,WB543CF0XTCV05074,2026,N/A,https://ev.com/vehicle/n1715i,2026BMWiXxDrive45,"$65,500"
BMW,364 mi,35 minutes,N/A,536 HP,Up to 5,Black Sapphire Metallic,M Sport Black Sensatec/Atlas G,SAE CCS DC fast charge connector,96 month/100000 miles,WB553CF09TCV03689,2026,N/A,https://ev.com/vehicle/hr6b8t,2026BMWiXxDrive60,"$89,600"
BMW,312 mi,34 minutes,N/A,402 HP,Up to 5,Black Sapphire Metallic,Black Perforated SensaTec,SAE CCS DC fast charge connector,96 month/100000 miles,WB543CF03TCV08690,2026,N/A,https://ev.com/vehicle/d3157b,2026BMWiXxDrive45,"$65,500"
BMW,312 mi,34 minutes,N/A,402 HP,Up to 5,Alpine White,Black Perforated SensaTec,SAE CCS DC fast charge connector,96 month/100000 miles,WB543CF05TCV07315,2026,N/A,https://ev.com/vehicle/v99ps4,2026BMWiXxDrive45,"$65,500"
BMW,312 mi,34 minutes,N/A,402 HP,Up to 5,Dark Graphite Metallic,Oyster Perforated SensaTec,SAE CCS DC fast charge connector,96 month/100000 miles,WB543CF06TCV13981,2026,N/A,https://ev.com/vehicle/fg5axe,2026BMWiXxDrive45,"$67,695"
BMW,312 mi,34 minutes,N/A,402 HP,Up to 5,Dark Graphite Metallic,Oyster Perforated SensaTec,SAE CCS DC fast charge connector,96 month/100000 miles,WB543CF05TCV08691,2026,N/A,https://ev.com/vehicle/jf1aug,2026BMWiXxDrive45,"$67,300"
BMW,312 mi,34 minutes,N/A,402 HP,Up to 5,Alpine White,Mocha Perforated SensaTec,SAE CCS DC fast charge connector,96 month/100000 miles,WB543CF07TCV07316,2026,N/A,https://ev.com/vehicle/mdbamv,2026BMWiXxDrive45,"$67,300"
BMW,312 mi,34 minutes,N/A,402 HP,Up to 5,Black Sapphire Metallic,Oyster Perforated SensaTec,SAE CCS DC fast charge connector,96 month/100000 miles,WB543CF07TCV08692,2026,N/A,https://ev.com/vehicle/a4wdpj,2026BMWiXxDrive45,"$67,300"
BMW,312 mi,34 minutes,N/A,402 HP,Up to 5,Storm Bay Metallic,Black Perforated SensaTec,SAE CCS DC fast charge connector,96 month/100000 miles,WB543CF08TCV06420,2026,N/A,https://ev.com/vehicle/fkigbw,2026BMWiXxDrive45,"$69,250"
BMW,312 mi,34 minutes,N/A,402 HP,Up to 5,Black Sapphire Metallic,Black Perforated SensaTec,SAE CCS DC fast charge connector,96 month/100000 miles,WB543CF09TCV08693,2026,N/A,https://ev.com/vehicle/76576l,2026BMWiXxDrive45,"$67,300"
BMW,364 mi,35 minutes,N/A,536 HP,Up to 5,Alpine White,Castanea Chestnut Perf Leather,SAE CCS DC fast charge connector,96 month/100000 miles,WB553CF05TCV07268,2026,N/A,https://ev.com/vehicle/jisj7x,2026BMWiXxDrive60,"$92,700"
BMW,312 mi,34 minutes,N/A,402 HP,Up to 5,Storm Bay Metallic,Black Perforated SensaTec,SAE CCS DC fast charge connector,96 month/100000 miles,WB543CF01TCV19378,2026,N/A,https://ev.com/vehicle/b2p4j0,2026BMWiXxDrive45,"$72,245"
BMW,312 mi,34 minutes,N/A,402 HP,Up to 5,Tanzanite Blue II Metallic,Black Perforated SensaTec,SAE CCS DC fast charge connector,96 month/100000 miles,WB543CF01TCV22071,2026,N/A,https://ev.com/vehicle/nynv5y,2026BMWiXxDrive45,"$69,645"
BMW,312 mi,34 minutes,N/A,402 HP,Up to 5,Alpine White,Black Perforated SensaTec,SAE CCS DC fast charge connector,96 month/100000 miles,WB543CF0XTCV19377,2026,N/A,https://ev.com/vehicle/pdhshj,2026BMWiXxDrive45,"$67,695"
BMW,364 mi,35 minutes,N/A,536 HP,Up to 5,Storm Bay Metallic,Black Perforated SensaTec,SAE CCS DC fast charge connector,96 month/100000 miles,WB553CF00TCV19375,2026,N/A,https://ev.com/vehicle/jtzamy,2026BMWiXxDrive60,"$81,195"
BMW,364 mi,35 minutes,N/A,536 HP,Up to 5,Storm Bay Metallic,Black Perforated SensaTec,SAE CCS DC fast charge connector,96 month/100000 miles,WB553CF05TCV20733,2026,N/A,https://ev.com/vehicle/uzdm2o,2026BMWiXxDrive60,"$81,195"
BMW,25 mi,N/A,N/A,577 HP,Up to 5,Isle of Man Green Met,Orange/Black Ext Merino Leathe,N/A,N/A,WBS83GV05SCU50832,2025,N/A,https://ev.com/vehicle/enzml2,2025BMWM5,"$124,980"
BMW,25 mi,N/A,N/A,577 HP,Up to 5,Frozen Deep Grey,Silver/Black Ext Merino Leathe,N/A,N/A,WBS83FK0XSCU52137,2025,N/A,https://ev.com/vehicle/xl0vh0,2025BMWM5,"$141,400"
BMW,39 mi,N/A,N/A,308 HP,Up to 5,Brooklyn Grey Metallic,Black Extended Merino Leather,N/A,N/A,5UX43EU00S9000657,2025,25.7 kWh,https://ev.com/vehicle/snmiqd,2025BMWX5 PHEVxDrive50e,"$84,070"
BMW,153 mi,42 minutes,"37,481 mi",181 HP,Up to 4,White,Deka Dark,SAE CCS DC fast charge connector,96 month/100000 miles,WBY8P6C52K7D52176,2019,42.2 kWh,https://ev.com/vehicle/rvqty7,2019BMWi3s120Ah,"$2,895"
BMW,267 mi,31 minutes,1 mi,335 HP,Up to 5,Vegas Red Metallic,Black,SAE CCS DC fast charge connector,96 month/100000 miles,WBY33HD04SFU78112,2025,83.9 kWh,https://ev.com/vehicle/vo7kf8,2025BMWi4M50,"$67,670"
BMW,298 mi,34 minutes,1 mi,536 HP,Up to 5,Tanzanite Blue II Metallic,Mocha,SAE CCS DC fast charge connector,96 month/100000 miles,WBY53EJ04SCU83369,2025,105.7 kWh,https://ev.com/vehicle/uk8fuh,2025BMWi7xDrive60,"$124,715"
Cadillac,450 mi,Coming Soon,N/A,680 HP,Up to 7,N/A,N/A,SAE CCS DC fast charge connector,96 month/100000 miles,1GYTEFKL3SU109194,2025,246 kWh,https://ev.com/vehicle/rqtdlp,2025CadillacEscalade IQSport 2 AWD,"$149,410"
Cadillac,450 mi,Coming Soon,N/A,680 HP,Up to 7,N/A,N/A,SAE CCS DC fast charge connector,96 month/100000 miles,1GYTECKL7SU109195,2025,246 kWh,https://ev.com/vehicle/m45qzs,2025CadillacEscalade IQLuxury 1 AWD,"$126,130"
Cadillac,450 mi,Coming Soon,N/A,680 HP,Up to 7,N/A,N/A,SAE CCS DC fast charge connector,96 month/100000 miles,1GYTEFKL2SU107713,2025,246 kWh,https://ev.com/vehicle/qluk64,2025CadillacEscalade IQSport 2 AWD,"$141,910"
Cadillac,314 mi,32 minutes,5 mi,365 HP,Up to 5,Crystal White Tricoat,Noir with Santorini Blue accents,SAE CCS DC fast charge connector,96 month/100000 miles,1GYKPNRK7SZ307678,2025,102 kWh,https://ev.com/vehicle/838ctb,2025CadillacLYRIQLuxury w/1SC,"$44,455"
Cadillac,300 mi,Coming Soon,2 mi,300 HP,Up to 5,White,Noir Inteluxe Seats,SAE CCS DC fast charge connector,96 month/100000 miles,3GYK3EMR4SS202125,2025,N/A,https://ev.com/vehicle/q252k9,2025CadillacOPTIQSport,"$38,490"
Cadillac,300 mi,Coming Soon,N/A,615 HP,Up to 7,N/A,N/A,SAE CCS DC fast charge connector,96 month/100000 miles,1GYC3NML4TZ703262,2026,102 kWh,https://ev.com/vehicle/txg3ln,2026CadillacVISTIQSport,"$62,065"
Cadillac,300 mi,Coming Soon,N/A,615 HP,Up to 7,N/A,N/A,SAE CCS DC fast charge connector,96 month/100000 miles,1GYC3NML7TZ703286,2026,102 kWh,https://ev.com/vehicle/6qqdko,2026CadillacVISTIQSport,"$62,065"
Cadillac,450 mi,Coming Soon,N/A,680 HP,Up to 7,N/A,N/A,SAE CCS DC fast charge connector,96 month/100000 miles,1GYTECKL3SU109002,2025,246 kWh,https://ev.com/vehicle/hhxfiw,2025CadillacEscalade IQLuxury 1 AWD,"$126,130"
Cadillac,450 mi,Coming Soon,N/A,680 HP,Up to 7,N/A,N/A,SAE CCS DC fast charge connector,96 month/100000 miles,1GYTEEKLXSU108134,2025,246 kWh,https://ev.com/vehicle/toytgk,2025CadillacEscalade IQSport 1 AWD,"$124,380"
Cadillac,N/A,32 minutes,N/A,615 HP,Up to 5,N/A,N/A,SAE CCS DC fast charge connector,96 month/100000 miles,1GYXPZRL6TZ600401,2026,102 kWh,https://ev.com/vehicle/u34knq,2026CadillacLYRIQV-Series w/1SV,"$63,485"
Cadillac,N/A,32 minutes,N/A,615 HP,Up to 5,N/A,N/A,SAE CCS DC fast charge connector,96 month/100000 miles,1GYXPZRL4TZ600400,2026,102 kWh,https://ev.com/vehicle/5yrjcg,2026CadillacLYRIQV-Series w/1SV,"$62,890"
Cadillac,314 mi,32 minutes,2 mi,365 HP,Up to 5,Black,Noir W Santorini Blu,SAE CCS DC fast charge connector,96 month/100000 miles,1GYKPURK5SZ311576,2025,102 kWh,https://ev.com/vehicle/j33619,2025CadillacLYRIQSport w/1SF,"$44,355"
Cadillac,300 mi,Coming Soon,2 mi,300 HP,Up to 5,Black,Noir,SAE CCS DC fast charge connector,96 month/100000 miles,3GYK3EMRXSS158552,2025,N/A,https://ev.com/vehicle/so0l6h,2025CadillacOPTIQSport,"$43,560"
Cadillac,450 mi,Coming Soon,2 mi,680 HP,Up to 7,White,Harbor Blue,SAE CCS DC fast charge connector,96 month/100000 miles,1GYTEFKL2SU108151,2025,246 kWh,https://ev.com/vehicle/74ixcx,2025CadillacEscalade IQSport 2 AWD,"$141,015"
Cadillac,450 mi,Coming Soon,2 mi,680 HP,Up to 7,N/A,Harbor Blue,SAE CCS DC fast charge connector,96 month/100000 miles,1GYTEDKL2SU108378,2025,246 kWh,https://ev.com/vehicle/zz3uss,2025CadillacEscalade IQLuxury 2 AWD,"$142,334"
Cadillac,307 mi,32 minutes,5 mi,340 HP,Up to 5,Opulent Blue Metallic,Noir with Santorini Blue accents,SAE CCS DC fast charge connector,96 month/100000 miles,1GYKPWRL5RZ133361,2024,102 kWh,https://ev.com/vehicle/jy6u5h,2024CadillacLYRIQSport w/1SK,"$59,055"
Cadillac,314 mi,32 minutes,2 mi,365 HP,Up to 5,Black,Noir W Santorini Blu,SAE CCS DC fast charge connector,96 month/100000 miles,1GYKPURK2SZ311499,2025,102 kWh,https://ev.com/vehicle/yuwflh,2025CadillacLYRIQSport w/1SF,"$44,355"
Cadillac,300 mi,Coming Soon,2 mi,300 HP,Up to 5,Black,Noir,SAE CCS DC fast charge connector,96 month/100000 miles,3GYK3EMR3SS207865,2025,N/A,https://ev.com/vehicle/tip8xr,2025CadillacOPTIQSport,"$38,245"
Cadillac,300 mi,Coming Soon,2 mi,300 HP,Up to 5,White,Noir,SAE CCS DC fast charge connector,96 month/100000 miles,3GYK3GMR4SS206719,2025,N/A,https://ev.com/vehicle/teyfpf,2025CadillacOPTIQSport,"$43,135"
Cadillac,300 mi,Coming Soon,2 mi,300 HP,Up to 5,Silver,Noir,SAE CCS DC fast charge connector,96 month/100000 miles,3GYK3DMR1SS207874,2025,N/A,https://ev.com/vehicle/hg4868,2025CadillacOPTIQLuxury,"$40,470"
Cadillac,300 mi,Coming Soon,2 mi,300 HP,Up to 5,Silver,Noir,SAE CCS DC fast charge connector,96 month/100000 miles,3GYK3GMR1SS212106,2025,N/A,https://ev.com/vehicle/70j4w2,2025CadillacOPTIQSport,"$40,970"
Cadillac,300 mi,Coming Soon,2 mi,300 HP,Up to 5,Black,Noir,SAE CCS DC fast charge connector,96 month/100000 miles,3GYK3GMR0SS212131,2025,N/A,https://ev.com/vehicle/i23gb6,2025CadillacOPTIQSport,"$41,045"
Cadillac,300 mi,Coming Soon,2 mi,300 HP,Up to 5,White,Noir,SAE CCS DC fast charge connector,96 month/100000 miles,3GYK3GMR5SS212111,2025,N/A,https://ev.com/vehicle/og42ue,2025CadillacOPTIQSport,"$41,570"
Cadillac,300 mi,Coming Soon,4 mi,300 HP,Up to 5,N/A,N/A,SAE CCS DC fast charge connector,96 month/100000 miles,3GYK3GMR6SS218385,2025,N/A,https://ev.com/vehicle/3lxiid,2025CadillacOPTIQSport 2 AWD,"$39,390"
Cadillac,300 mi,Coming Soon,3 mi,300 HP,Up to 5,N/A,N/A,SAE CCS DC fast charge connector,96 month/100000 miles,3GYK3BMR9SS212499,2025,N/A,https://ev.com/vehicle/4jb2pd,2025CadillacOPTIQLuxury 1 AWD,"$36,690"
Cadillac,300 mi,Coming Soon,4 mi,300 HP,Up to 5,N/A,N/A,SAE CCS DC fast charge connector,96 month/100000 miles,3GYK3GMR1SS218391,2025,N/A,https://ev.com/vehicle/feiiza,2025CadillacOPTIQSport 2 AWD,"$39,990"
Cadillac,300 mi,Coming Soon,3 mi,300 HP,Up to 5,N/A,N/A,SAE CCS DC fast charge connector,96 month/100000 miles,3GYK3GMR4SS218370,2025,N/A,https://ev.com/vehicle/jx2kkr,2025CadillacOPTIQSport 2 AWD,"$38,765"
Cadillac,300 mi,Coming Soon,5 mi,300 HP,Up to 5,Monarch Orange,Noir,SAE CCS DC fast charge connector,96 month/100000 miles,3GYK3GMR4SS213329,2025,N/A,https://ev.com/vehicle/60awyt,2025CadillacOPTIQSport 2 AWD,"$42,020"
Cadillac,300 mi,Coming Soon,5 mi,300 HP,Up to 5,White,Noir,SAE CCS DC fast charge connector,96 month/100000 miles,3GYK3BMR0SS212259,2025,N/A,https://ev.com/vehicle/zs9tai,2025CadillacOPTIQLuxury 1 AWD,"$37,665"
Cadillac,300 mi,Coming Soon,N/A,615 HP,Up to 7,N/A,N/A,SAE CCS DC fast charge connector,96 month/100000 miles,1GYC3NML5TZ702623,2026,102 kWh,https://ev.com/vehicle/u0sq45,2026CadillacVISTIQSport,"$62,065"
Cadillac,300 mi,Coming Soon,N/A,615 HP,Up to 7,N/A,N/A,SAE CCS DC fast charge connector,96 month/100000 miles,1GYC3NML0TZ702948,2026,102 kWh,https://ev.com/vehicle/3yggu5,2026CadillacVISTIQSport,"$62,065"
Cadillac,300 mi,Coming Soon,N/A,615 HP,Up to 7,N/A,N/A,SAE CCS DC fast charge connector,96 month/100000 miles,1GYC3NML3TZ702975,2026,102 kWh,https://ev.com/vehicle/tjfhbe,2026CadillacVISTIQSport,"$62,065"
Cadillac,450 mi,Coming Soon,11 mi,680 HP,Up to 7,Black,Harbor Blue With Backen Black Accents,SAE CCS DC fast charge connector,96 month/100000 miles,1GYTEFKLXSU108673,2025,246 kWh,https://ev.com/vehicle/tfj5t4,2025CadillacEscalade IQSport 2 AWD,"$142,660"
Cadillac,450 mi,Coming Soon,2 mi,680 HP,Up to 7,White,Camelia,SAE CCS DC fast charge connector,96 month/100000 miles,1GYTEFKL3SU107817,2025,246 kWh,https://ev.com/vehicle/9myfez,2025CadillacEscalade IQSport 2 AWD,"$142,480"
Cadillac,450 mi,Coming Soon,2 mi,680 HP,Up to 7,White,Camelia,SAE CCS DC fast charge connector,96 month/100000 miles,1GYTEFKL8SU108090,2025,246 kWh,https://ev.com/vehicle/saiyp0,2025CadillacEscalade IQSport 2 AWD,"$140,915"
Cadillac,450 mi,Coming Soon,N/A,680 HP,Up to 7,N/A,N/A,SAE CCS DC fast charge connector,96 month/100000 miles,1GYTEFKL3SU108756,2025,246 kWh,https://ev.com/vehicle/8bqjtl,2025CadillacEscalade IQSport 2 AWD,"$143,135"
Cadillac,450 mi,Coming Soon,N/A,680 HP,Up to 7,N/A,N/A,SAE CCS DC fast charge connector,96 month/100000 miles,1GYTEEKL6SU108759,2025,246 kWh,https://ev.com/vehicle/6ht3p6,2025CadillacEscalade IQSport 1 AWD,"$126,105"
Cadillac,450 mi,Coming Soon,2 mi,680 HP,Up to 7,White,Harbor Blu With Backen Bl,SAE CCS DC fast charge connector,96 month/100000 miles,1GYTEFKL9SU108132,2025,246 kWh,https://ev.com/vehicle/xaw8al,2025CadillacEscalade IQSport 2 AWD,"$140,865"
Cadillac,307 mi,32 minutes,5 mi,515 HP,Up to 5,Radiant Red Tintcoat,Noir with Santorini Blue accents,SAE CCS DC fast charge connector,96 month/100000 miles,1GYKPTRL8SZ311493,2025,102 kWh,https://ev.com/vehicle/rq4eq1,2025CadillacLYRIQLuxury w/1SE,"$58,265"
Cadillac,314 mi,32 minutes,5 mi,365 HP,Up to 5,Argent Silver Metallic,Noir with Santorini Blue accents,SAE CCS DC fast charge connector,96 month/100000 miles,1GYKPNRK1SZ311967,2025,102 kWh,https://ev.com/vehicle/f2i07h,2025CadillacLYRIQLuxury w/1SC,"$42,060"
Cadillac,314 mi,32 minutes,2 mi,365 HP,Up to 5,Blue,Noir With Santorini Blu A,SAE CCS DC fast charge connector,96 month/100000 miles,1GYKPURK0SZ310822,2025,102 kWh,https://ev.com/vehicle/vg81tb,2025CadillacLYRIQSport w/1SF,"$44,355"
Cadillac,314 mi,32 minutes,2 mi,365 HP,Up to 5,Red,Noir With Santorini Blu A,SAE CCS DC fast charge connector,96 month/100000 miles,1GYKPURK0SZ311128,2025,102 kWh,https://ev.com/vehicle/qc8vip,2025CadillacLYRIQSport w/1SF,"$43,390"
Cadillac,314 mi,32 minutes,2 mi,365 HP,Up to 5,Black,Noir With Santorini Blu A,SAE CCS DC fast charge connector,96 month/100000 miles,1GYKPURL0SZ310442,2025,102 kWh,https://ev.com/vehicle/jgf2d2,2025CadillacLYRIQSport w/1SF,"$46,290"
Cadillac,314 mi,32 minutes,2 mi,365 HP,Up to 5,Silver,Noir With Santorini Blu A,SAE CCS DC fast charge connector,96 month/100000 miles,1GYKPURK8SZ311121,2025,102 kWh,https://ev.com/vehicle/cnczht,2025CadillacLYRIQSport w/1SF,"$43,730"
Cadillac,314 mi,32 minutes,5 mi,365 HP,Up to 5,White,Noir With Santorini Blue Accents,SAE CCS DC fast charge connector,96 month/100000 miles,1GYKPURK6SZ311800,2025,102 kWh,https://ev.com/vehicle/rpmznq,2025CadillacLYRIQSport w/1SF,"$45,350"
Cadillac,300 mi,Coming Soon,2 mi,300 HP,Up to 5,Red,Egt,SAE CCS DC fast charge connector,96 month/100000 miles,3GYK3GMR3SS196863,2025,N/A,https://ev.com/vehicle/j01wwf,2025CadillacOPTIQSport,"$41,570"
Cadillac,300 mi,Coming Soon,2 mi,300 HP,Up to 5,Black,Autumn Canyon,SAE CCS DC fast charge connector,96 month/100000 miles,3GYK3DMR1SS158479,2025,N/A,https://ev.com/vehicle/p6uszm,2025CadillacOPTIQLuxury,"$40,065"
Cadillac,300 mi,Coming Soon,35 mi,615 HP,Up to 7,Black,Jet Black,SAE CCS DC fast charge connector,96 month/100000 miles,1GYC3KML8TZ700265,2026,102 kWh,https://ev.com/vehicle/sd8rzq,2026CadillacVISTIQLuxury,"$61,090"
Cadillac,300 mi,Coming Soon,4 mi,615 HP,Up to 7,N/A,N/A,SAE CCS DC fast charge connector,96 month/100000 miles,1GYC3KML3TZ701761,2026,102 kWh,https://ev.com/vehicle/x48lza,2026CadillacVISTIQLuxury,"$61,390"
Cadillac,300 mi,Coming Soon,N/A,615 HP,Up to 7,N/A,N/A,SAE CCS DC fast charge connector,96 month/100000 miles,1GYC3NML6TZ701447,2026,102 kWh,https://ev.com/vehicle/j5h9yi,2026CadillacVISTIQSport,"$63,290"
Cadillac,300 mi,Coming Soon,N/A,615 HP,Up to 7,N/A,N/A,SAE CCS DC fast charge connector,96 month/100000 miles,1GYC3KML6TZ701978,2026,102 kWh,https://ev.com/vehicle/x6569l,2026CadillacVISTIQLuxury,"$60,765"
Cadillac,300 mi,Coming Soon,5 mi,615 HP,Up to 7,Stellar Black Metallic,Jet Black,SAE CCS DC fast charge connector,96 month/100000 miles,1GYC3KML1TZ701130,2026,102 kWh,https://ev.com/vehicle/mq6qmy,2026CadillacVISTIQLuxury,"$61,890"
Cadillac,300 mi,Coming Soon,5 mi,615 HP,Up to 7,Argent Silver Metallic,Jet Black,SAE CCS DC fast charge connector,96 month/100000 miles,1GYC3NML7TZ701098,2026,102 kWh,https://ev.com/vehicle/p9a99e,2026CadillacVISTIQSport,"$62,115"
Cadillac,300 mi,Coming Soon,5 mi,615 HP,Up to 7,Stellar Black Metallic,Jet Black,SAE CCS DC fast charge connector,96 month/100000 miles,1GYC3NML7TZ701134,2026,102 kWh,https://ev.com/vehicle/4gom2l,2026CadillacVISTIQSport,"$62,740"
Cadillac,300 mi,Coming Soon,5 mi,615 HP,Up to 7,Stellar Black Metallic,Jet Black,SAE CCS DC fast charge connector,96 month/100000 miles,1GYC3KML9TZ701313,2026,102 kWh,https://ev.com/vehicle/nnovzj,2026CadillacVISTIQLuxury,"$62,190"
Cadillac,300 mi,Coming Soon,5 mi,615 HP,Up to 7,Stellar Black Metallic,Jet Black,SAE CCS DC fast charge connector,96 month/100000 miles,1GYC3NML8TZ701062,2026,102 kWh,https://ev.com/vehicle/v6nuxl,2026CadillacVISTIQSport,"$62,740"
Cadillac,300 mi,Coming Soon,5 mi,615 HP,Up to 7,Argent Silver Metallic,Jet Black,SAE CCS DC fast charge connector,96 month/100000 miles,1GYC3KML1TZ701368,2026,102 kWh,https://ev.com/vehicle/vtzzkv,2026CadillacVISTIQLuxury,"$61,565"
Cadillac,300 mi,Coming Soon,11 mi,615 HP,Up to 7,Stellar Black Metallic,Jet Black,SAE CCS DC fast charge connector,96 month/100000 miles,1GYC3KML2TZ700424,2026,102 kWh,https://ev.com/vehicle/gxfjj4,2026CadillacVISTIQLuxury,"$61,090"
Cadillac,450 mi,Coming Soon,2 mi,680 HP,Up to 7,Black,Backen Black With Santorini Accents,SAE CCS DC fast charge connector,96 month/100000 miles,1GYTEEKL5SU100636,2025,204 kWh,https://ev.com/vehicle/qkfxyw,2025CadillacEscalade IQSport 1,"$119,665"
Cadillac,450 mi,Coming Soon,2 mi,680 HP,Up to 7,Black,Backen Black With Santorini Accents,SAE CCS DC fast charge connector,96 month/100000 miles,1GYTECKL0SU105926,2025,204 kWh,https://ev.com/vehicle/ej034b,2025CadillacEscalade IQLuxury 1,"$121,415"
Cadillac,450 mi,Coming Soon,2 mi,680 HP,Up to 7,White,Harbor Blue With Backen Black Accents,SAE CCS DC fast charge connector,96 month/100000 miles,1GYTEDKL0SU101817,2025,204 kWh,https://ev.com/vehicle/hfiam5,2025CadillacEscalade IQLuxury 2,"$139,165"
Cadillac,450 mi,Coming Soon,2 mi,680 HP,Up to 7,White,Harbor Blue With Backen Black Accents,SAE CCS DC fast charge connector,96 month/100000 miles,1GYTEDKL4SU104137,2025,204 kWh,https://ev.com/vehicle/1ty8jf,2025CadillacEscalade IQLuxury 2,"$140,265"
Cadillac,450 mi,Coming Soon,2 mi,680 HP,Up to 7,Black,Backen Black With Santorini Accents,SAE CCS DC fast charge connector,96 month/100000 miles,1GYTECKL7SU105924,2025,204 kWh,https://ev.com/vehicle/6o92jb,2025CadillacEscalade IQLuxury 1,"$126,030"
Cadillac,450 mi,Coming Soon,2 mi,680 HP,Up to 7,Black,Harbor Blue With Backen Black Accents,SAE CCS DC fast charge connector,96 month/100000 miles,1GYTEDKL8SU100530,2025,204 kWh,https://ev.com/vehicle/7u0doa,2025CadillacEscalade IQLuxury 2,"$141,160"
Cadillac,450 mi,Coming Soon,2 mi,680 HP,Up to 7,N/A,Harbor Blue With Backen Black Accents,SAE CCS DC fast charge connector,96 month/100000 miles,1GYTEFKL1SU104639,2025,204 kWh,https://ev.com/vehicle/9jqe6r,2025CadillacEscalade IQSport 2,"$140,440"
Cadillac,450 mi,Coming Soon,2 mi,680 HP,Up to 7,White,Harbor Blue With Backen Black Accents,SAE CCS DC fast charge connector,96 month/100000 miles,1GYTEFKL6SU103633,2025,204 kWh,https://ev.com/vehicle/i7l88v,2025CadillacEscalade IQSport 2,"$139,665"
Cadillac,450 mi,Coming Soon,2 mi,680 HP,Up to 7,White,Harbor Blue With Backen Black Accents,SAE CCS DC fast charge connector,96 month/100000 miles,1GYTEFKL8SU103634,2025,204 kWh,https://ev.com/vehicle/27eyuc,2025CadillacEscalade IQSport 2,"$139,665"
Cadillac,450 mi,Coming Soon,2 mi,680 HP,Up to 7,N/A,Camelia With Backen Black Accents,SAE CCS DC fast charge connector,96 month/100000 miles,1GYTEFKL8SU105190,2025,204 kWh,https://ev.com/vehicle/qj4qoi,2025CadillacEscalade IQSport 2,"$142,285"
Cadillac,450 mi,Coming Soon,2 mi,680 HP,Up to 7,Black,Harbor Blue With Backen Black Accents,SAE CCS DC fast charge connector,96 month/100000 miles,1GYTEFKL9SU101262,2025,204 kWh,https://ev.com/vehicle/i4mq53,2025CadillacEscalade IQSport 2,"$139,815"
Cadillac,450 mi,Coming Soon,2 mi,680 HP,Up to 7,Black,Harbor Blue With Backen Black Accents,SAE CCS DC fast charge connector,96 month/100000 miles,1GYTEFKLXSU103165,2025,204 kWh,https://ev.com/vehicle/3o7vrf,2025CadillacEscalade IQSport 2,"$139,665"
Cadillac,450 mi,Coming Soon,2 mi,680 HP,Up to 7,Black,Harbor Blue With Backen Black Accents,SAE CCS DC fast charge connector,96 month/100000 miles,1GYTEFKL2SU106318,2025,204 kWh,https://ev.com/vehicle/d9yat5,2025CadillacEscalade IQSport 2,"$139,665"
Cadillac,450 mi,Coming Soon,2 mi,680 HP,Up to 7,Black,Harbor Blue With Backen Black Accents,SAE CCS DC fast charge connector,96 month/100000 miles,1GYTEFKL2SU103631,2025,204 kWh,https://ev.com/vehicle/ygkwsh,2025CadillacEscalade IQSport 2,"$139,665"
Cadillac,450 mi,Coming Soon,2 mi,680 HP,Up to 7,Black,Backen Black With Santorini Accents,SAE CCS DC fast charge connector,96 month/100000 miles,1GYTECKL5SU101869,2025,204 kWh,https://ev.com/vehicle/1ezkj8,2025CadillacEscalade IQLuxury 1,"$121,415"
Cadillac,450 mi,Coming Soon,2 mi,680 HP,Up to 7,White,Harbor Blue With Backen Black Accents,SAE CCS DC fast charge connector,96 month/100000 miles,1GYTEDKL7SU101619,2025,204 kWh,https://ev.com/vehicle/m05rju,2025CadillacEscalade IQLuxury 2,"$140,265"
Cadillac,450 mi,Coming Soon,2 mi,680 HP,Up to 7,White,Harbor Blue With Backen Black Accents,SAE CCS DC fast charge connector,96 month/100000 miles,1GYTEDKL7SU101622,2025,204 kWh,https://ev.com/vehicle/67p331,2025CadillacEscalade IQLuxury 2,"$140,265"
Cadillac,450 mi,Coming Soon,2 mi,680 HP,Up to 7,N/A,Camelia With Backen Black Accents,SAE CCS DC fast charge connector,96 month/100000 miles,1GYTEDKL5SU105880,2025,204 kWh,https://ev.com/vehicle/x72px6,2025CadillacEscalade IQLuxury 2,"$139,940"
Cadillac,450 mi,Coming Soon,2 mi,680 HP,Up to 7,Black,Harbor Blue With Backen Black Accents,SAE CCS DC fast charge connector,96 month/100000 miles,1GYTEFKL0SU101814,2025,204 kWh,https://ev.com/vehicle/vfm6ro,2025CadillacEscalade IQSport 2,"$149,160"
Cadillac,450 mi,Coming Soon,2 mi,680 HP,Up to 7,N/A,Camelia With Backen Black Accents,SAE CCS DC fast charge connector,96 month/100000 miles,1GYTEDKL8SU106098,2025,204 kWh,https://ev.com/vehicle/nnk3w6,2025CadillacEscalade IQLuxury 2,"$141,040"
Cadillac,450 mi,Coming Soon,2 mi,680 HP,Up to 7,Black,Camelia With Backen Black Accents,SAE CCS DC fast charge connector,96 month/100000 miles,1GYTEDKL9SU106319,2025,204 kWh,https://ev.com/vehicle/5t09fk,2025CadillacEscalade IQLuxury 2,"$139,165"
Cadillac,450 mi,Coming Soon,2 mi,680 HP,Up to 7,Black,Harbor Blue With Backen Black Accents,SAE CCS DC fast charge connector,96 month/100000 miles,1GYTEFKL2SU106657,2025,204 kWh,https://ev.com/vehicle/defmbq,2025CadillacEscalade IQSport 2,"$143,385"
Cadillac,450 mi,Coming Soon,2 mi,680 HP,Up to 7,N/A,Camelia With Backen Black Accents,SAE CCS DC fast charge connector,96 month/100000 miles,1GYTEFKL8SU106954,2025,246 kWh,https://ev.com/vehicle/bvq1sn,2025CadillacEscalade IQSport 2,"$142,435"
Cadillac,450 mi,Coming Soon,2 mi,680 HP,Up to 7,Black,Harbor Blue,SAE CCS DC fast charge connector,96 month/100000 miles,1GYTEFKL7SU107111,2025,246 kWh,https://ev.com/vehicle/zwh9aa,2025CadillacEscalade IQSport 2,"$139,815"
Cadillac,450 mi,Coming Soon,2 mi,680 HP,Up to 7,N/A,Camelia,SAE CCS DC fast charge connector,96 month/100000 miles,1GYTEFKLXSU107118,2025,246 kWh,https://ev.com/vehicle/fefag3,2025CadillacEscalade IQSport 2,"$145,100"
Cadillac,450 mi,Coming Soon,2 mi,680 HP,Up to 7,White,Camelia,SAE CCS DC fast charge connector,96 month/100000 miles,1GYTEDKL6SU106794,2025,246 kWh,https://ev.com/vehicle/ra51mb,2025CadillacEscalade IQLuxury 2,"$139,165"
Cadillac,450 mi,Coming Soon,2 mi,680 HP,Up to 7,White,Noir W/Santorini,SAE CCS DC fast charge connector,96 month/100000 miles,1GYTEEKL6SU107305,2025,246 kWh,https://ev.com/vehicle/3mdojc,2025CadillacEscalade IQSport 1,"$126,945"
Cadillac,450 mi,Coming Soon,2 mi,680 HP,Up to 7,N/A,Camelia,SAE CCS DC fast charge connector,96 month/100000 miles,1GYTEFKL0SU106981,2025,246 kWh,https://ev.com/vehicle/4c5xey,2025CadillacEscalade IQSport 2,"$141,390"
Cadillac,450 mi,Coming Soon,2 mi,680 HP,Up to 7,N/A,N/A,SAE CCS DC fast charge connector,96 month/100000 miles,1GYTEFKL2SU107386,2025,246 kWh,https://ev.com/vehicle/yjxoib,2025CadillacEscalade IQSport 2,"$139,815"
Cadillac,450 mi,Coming Soon,2 mi,680 HP,Up to 7,White,Harbor Blue,SAE CCS DC fast charge connector,96 month/100000 miles,1GYTEFKL9SU107112,2025,246 kWh,https://ev.com/vehicle/zfofjy,2025CadillacEscalade IQSport 2,"$139,815"
Cadillac,450 mi,Coming Soon,2 mi,680 HP,Up to 7,Black,Backen Black With Santorini Accents,SAE CCS DC fast charge connector,96 month/100000 miles,1GYTEEKL8SU101621,2025,204 kWh,https://ev.com/vehicle/g8v4wx,2025CadillacEscalade IQSport 1,"$121,660"
Cadillac,450 mi,Coming Soon,2 mi,680 HP,Up to 7,White,Harbor Blue,SAE CCS DC fast charge connector,96 month/100000 miles,1GYTEFKL3SU107218,2025,246 kWh,https://ev.com/vehicle/rdjdwl,2025CadillacEscalade IQSport 2,"$140,765"
Cadillac,450 mi,Coming Soon,2 mi,680 HP,Up to 7,N/A,Camelia,SAE CCS DC fast charge connector,96 month/100000 miles,1GYTEFKL4SU107082,2025,246 kWh,https://ev.com/vehicle/pdfdlc,2025CadillacEscalade IQSport 2,"$143,535"
Cadillac,450 mi,Coming Soon,2 mi,680 HP,Up to 7,White,Camelia,SAE CCS DC fast charge connector,96 month/100000 miles,1GYTEDKL7SU107372,2025,246 kWh,https://ev.com/vehicle/vprhc8,2025CadillacEscalade IQLuxury 2,"$142,875"
Cadillac,450 mi,Coming Soon,2 mi,680 HP,Up to 7,Black,Camelia,SAE CCS DC fast charge connector,96 month/100000 miles,1GYTEFKL1SU107377,2025,246 kWh,https://ev.com/vehicle/oypq5e,2025CadillacEscalade IQSport 2,"$139,815"
Cadillac,450 mi,Coming Soon,2 mi,680 HP,Up to 7,Black,Camelia,SAE CCS DC fast charge connector,96 month/100000 miles,1GYTEFKL5SU107382,2025,246 kWh,https://ev.com/vehicle/wwd5ck,2025CadillacEscalade IQSport 2,"$139,815"
Cadillac,450 mi,Coming Soon,2 mi,680 HP,Up to 7,White,Camelia,SAE CCS DC fast charge connector,96 month/100000 miles,1GYTEFKLXSU107376,2025,246 kWh,https://ev.com/vehicle/xulkab,2025CadillacEscalade IQSport 2,"$139,815"
Cadillac,450 mi,Coming Soon,2 mi,680 HP,Up to 7,N/A,Noir W/Santorini,SAE CCS DC fast charge connector,96 month/100000 miles,1GYTEEKL8SU107001,2025,246 kWh,https://ev.com/vehicle/jf4z7r,2025CadillacEscalade IQSport 1,"$122,910"
Cadillac,450 mi,Coming Soon,2 mi,680 HP,Up to 7,Black,Harbor Blue,SAE CCS DC fast charge connector,96 month/100000 miles,1GYTEFKL3SU107381,2025,246 kWh,https://ev.com/vehicle/zpi0wf,2025CadillacEscalade IQSport 2,"$141,810"
Cadillac,450 mi,Coming Soon,2 mi,680 HP,Up to 7,N/A,Noir W/Santorini,SAE CCS DC fast charge connector,96 month/100000 miles,1GYTEEKL7SU107846,2025,246 kWh,https://ev.com/vehicle/vzi1ka,2025CadillacEscalade IQSport 1,"$122,285"
Cadillac,450 mi,Coming Soon,8 mi,680 HP,Up to 7,N/A,N/A,SAE CCS DC fast charge connector,96 month/100000 miles,1GYTEDKL0SU102904,2025,204 kWh,https://ev.com/vehicle/ihk6ff,2025CadillacEscalade IQLuxury 2,"$139,165"
Cadillac,450 mi,Coming Soon,6 mi,680 HP,Up to 7,N/A,N/A,SAE CCS DC fast charge connector,96 month/100000 miles,1GYTEFKL4SU104036,2025,204 kWh,https://ev.com/vehicle/ydf2v4,2025CadillacEscalade IQSport 2,"$139,665"
Cadillac,450 mi,Coming Soon,5 mi,680 HP,Up to 7,N/A,N/A,SAE CCS DC fast charge connector,96 month/100000 miles,1GYTEFKL9SU104033,2025,204 kWh,https://ev.com/vehicle/avj6tl,2025CadillacEscalade IQSport 2,"$139,665"
Cadillac,450 mi,Coming Soon,6 mi,680 HP,Up to 7,N/A,N/A,SAE CCS DC fast charge connector,96 month/100000 miles,1GYTEFKL7SU102331,2025,204 kWh,https://ev.com/vehicle/dl1qxd,2025CadillacEscalade IQSport 2,"$139,665"
Cadillac,450 mi,Coming Soon,7 mi,680 HP,Up to 7,N/A,N/A,SAE CCS DC fast charge connector,96 month/100000 miles,1GYTEFKL0SU106480,2025,204 kWh,https://ev.com/vehicle/l4o3wv,2025CadillacEscalade IQSport 2,"$141,810"
Cadillac,450 mi,Coming Soon,5 mi,680 HP,Up to 7,N/A,N/A,SAE CCS DC fast charge connector,96 month/100000 miles,1GYTEFKL8SU106789,2025,204 kWh,https://ev.com/vehicle/cn6gfp,2025CadillacEscalade IQSport 2,"$140,440"
Cadillac,450 mi,Coming Soon,N/A,680 HP,Up to 7,N/A,N/A,SAE CCS DC fast charge connector,96 month/100000 miles,1GYTEFKL8SU101415,2025,204 kWh,https://ev.com/vehicle/nzuy90,2025CadillacEscalade IQSport 2,"$150,410"
Cadillac,450 mi,Coming Soon,7 mi,680 HP,Up to 7,N/A,N/A,SAE CCS DC fast charge connector,96 month/100000 miles,1GYTEFKL6SU106726,2025,246 kWh,https://ev.com/vehicle/q4uhp1,2025CadillacEscalade IQSport 2,"$143,209"
Cadillac,450 mi,Coming Soon,7 mi,680 HP,Up to 7,N/A,N/A,SAE CCS DC fast charge connector,96 month/100000 miles,1GYTEFKL0SU107015,2025,246 kWh,https://ev.com/vehicle/wvq6p1,2025CadillacEscalade IQSport 2,"$142,435"
Cadillac,450 mi,Coming Soon,5 mi,680 HP,Up to 7,N/A,N/A,SAE CCS DC fast charge connector,96 month/100000 miles,1GYTEFKL2SU106965,2025,246 kWh,https://ev.com/vehicle/io332r,2025CadillacEscalade IQSport 2,"$142,435"
Cadillac,450 mi,Coming Soon,4 mi,680 HP,Up to 7,N/A,N/A,SAE CCS DC fast charge connector,96 month/100000 miles,1GYTEFKL6SU107018,2025,246 kWh,https://ev.com/vehicle/ne9of1,2025CadillacEscalade IQSport 2,"$140,915"
Cadillac,450 mi,Coming Soon,4 mi,680 HP,Up to 7,N/A,N/A,SAE CCS DC fast charge connector,96 month/100000 miles,1GYTEFKL6SU107116,2025,246 kWh,https://ev.com/vehicle/xvrjoz,2025CadillacEscalade IQSport 2,"$139,815"
Cadillac,450 mi,Coming Soon,3 mi,680 HP,Up to 7,N/A,N/A,SAE CCS DC fast charge connector,96 month/100000 miles,1GYTEEKL0SU107705,2025,246 kWh,https://ev.com/vehicle/2n4ldj,2025CadillacEscalade IQSport 1,"$124,280"
Cadillac,450 mi,Coming Soon,5 mi,680 HP,Up to 7,N/A,N/A,SAE CCS DC fast charge connector,96 month/100000 miles,1GYTEEKL4SU107710,2025,246 kWh,https://ev.com/vehicle/8y1c7p,2025CadillacEscalade IQSport 1,"$124,280"
Cadillac,450 mi,Coming Soon,4 mi,680 HP,Up to 7,N/A,N/A,SAE CCS DC fast charge connector,96 month/100000 miles,1GYTEEKL6SU107708,2025,246 kWh,https://ev.com/vehicle/2tlnrd,2025CadillacEscalade IQSport 1,"$124,280"
Cadillac,450 mi,Coming Soon,5 mi,680 HP,Up to 7,N/A,N/A,SAE CCS DC fast charge connector,96 month/100000 miles,1GYTEEKL7SU107684,2025,246 kWh,https://ev.com/vehicle/oft03d,2025CadillacEscalade IQSport 1,"$121,390"
Cadillac,450 mi,Coming Soon,7 mi,680 HP,Up to 7,N/A,N/A,SAE CCS DC fast charge connector,96 month/100000 miles,1GYTEFKL0SU107709,2025,246 kWh,https://ev.com/vehicle/t2ahel,2025CadillacEscalade IQSport 2,"$141,810"
Cadillac,450 mi,Coming Soon,2 mi,680 HP,Up to 7,N/A,N/A,SAE CCS DC fast charge connector,96 month/100000 miles,1GYTEEKL4SU107741,2025,246 kWh,https://ev.com/vehicle/8el1ct,2025CadillacEscalade IQSport 1,"$124,340"
Cadillac,450 mi,Coming Soon,15 mi,680 HP,Up to 7,N/A,N/A,SAE CCS DC fast charge connector,96 month/100000 miles,1GYTEEKL8SU107743,2025,246 kWh,https://ev.com/vehicle/8sr9j2,2025CadillacEscalade IQSport 1 AWD,"$120,290"
Cadillac,450 mi,Coming Soon,4 mi,680 HP,Up to 7,N/A,N/A,SAE CCS DC fast charge connector,96 month/100000 miles,1GYTECKL7SU107978,2025,246 kWh,https://ev.com/vehicle/5enpyh,2025CadillacEscalade IQLuxury 1 AWD,"$127,340"
Cadillac,450 mi,Coming Soon,4 mi,680 HP,Up to 7,N/A,N/A,SAE CCS DC fast charge connector,96 month/100000 miles,1GYTEEKL2SU107964,2025,246 kWh,https://ev.com/vehicle/gvw7vw,2025CadillacEscalade IQSport 1 AWD,"$130,305"
Cadillac,450 mi,Coming Soon,3 mi,680 HP,Up to 7,N/A,N/A,SAE CCS DC fast charge connector,96 month/100000 miles,1GYTEEKL3SU108119,2025,246 kWh,https://ev.com/vehicle/p69y0k,2025CadillacEscalade IQSport 1 AWD,"$124,380"
Cadillac,450 mi,Coming Soon,5 mi,680 HP,Up to 7,Summit White,Backen Black with Santorini Accents,SAE CCS DC fast charge connector,96 month/100000 miles,1GYTECKL0SU104212,2025,246 kWh,https://ev.com/vehicle/xiqpfu,2025CadillacEscalade IQLuxury 1,"$121,415"
Cadillac,450 mi,Coming Soon,5 mi,680 HP,Up to 7,Black Raven,Backen Black with Santorini Accents,SAE CCS DC fast charge connector,96 month/100000 miles,1GYTECKL8SU104345,2025,246 kWh,https://ev.com/vehicle/lj9n7q,2025CadillacEscalade IQLuxury 1,"$122,980"
Cadillac,450 mi,Coming Soon,377 mi,680 HP,Up to 7,Black Raven,Backen Black with Santorini Accents,SAE CCS DC fast charge connector,96 month/100000 miles,1GYTECKL9SU101261,2025,246 kWh,https://ev.com/vehicle/n2h1xn,2025CadillacEscalade IQLuxury 1,"$123,905"
Cadillac,450 mi,Coming Soon,5 mi,680 HP,Up to 7,Black Raven,Backen Black with Santorini Accents,SAE CCS DC fast charge connector,96 month/100000 miles,1GYTECKLXSU102063,2025,246 kWh,https://ev.com/vehicle/7mes6q,2025CadillacEscalade IQLuxury 1,"$121,415"
Cadillac,450 mi,Coming Soon,5 mi,680 HP,Up to 7,Black Raven,Sheer Gray with Dark Medium Cinder accents,SAE CCS DC fast charge connector,96 month/100000 miles,1GYTEEKL8SU101425,2025,246 kWh,https://ev.com/vehicle/0zlng0,2025CadillacEscalade IQSport 1,"$122,135"
Cadillac,450 mi,Coming Soon,5 mi,680 HP,Up to 7,Flare Metallic,Camelia with Backen Black accents,SAE CCS DC fast charge connector,96 month/100000 miles,1GYTEFKL5SU101162,2025,246 kWh,https://ev.com/vehicle/0m024o,2025CadillacEscalade IQSport 2,"$142,085"
Cadillac,450 mi,Coming Soon,5 mi,680 HP,Up to 7,Flare Metallic,Harbor Blue with Backen Black accents,SAE CCS DC fast charge connector,96 month/100000 miles,1GYTEFKL4SU106711,2025,246 kWh,https://ev.com/vehicle/f5d40p,2025CadillacEscalade IQSport 2,"$140,290"
Cadillac,450 mi,Coming Soon,5 mi,680 HP,Up to 7,Flare Metallic,Camelia with Backen Black accents,SAE CCS DC fast charge connector,96 month/100000 miles,1GYTEDKL4SU106650,2025,246 kWh,https://ev.com/vehicle/gc0ok7,2025CadillacEscalade IQLuxury 2,"$139,940"
Cadillac,450 mi,Coming Soon,5 mi,680 HP,Up to 7,Summit White,Backen Black with Santorini Accents,SAE CCS DC fast charge connector,96 month/100000 miles,1GYTECKL8SU106709,2025,246 kWh,https://ev.com/vehicle/qsdhgl,2025CadillacEscalade IQLuxury 1,"$124,035"
Cadillac,450 mi,Coming Soon,5 mi,680 HP,Up to 7,Black Raven,Harbor Blue with Backen Black accents,SAE CCS DC fast charge connector,96 month/100000 miles,1GYTEFKL3SU107722,2025,246 kWh,https://ev.com/vehicle/ve1h7c,2025CadillacEscalade IQSport 2 AWD,"$139,665"
Cadillac,450 mi,Coming Soon,2 mi,680 HP,Up to 7,Black,Harbor Blue With Backen Black Accents,SAE CCS DC fast charge connector,96 month/100000 miles,1GYTEFKL8SU101964,2025,204 kWh,https://ev.com/vehicle/a40s3t,2025CadillacEscalade IQSport 2,"$142,860"
Cadillac,450 mi,Coming Soon,2 mi,680 HP,Up to 7,Black,Harbor Blue With Backen Black Accents,SAE CCS DC fast charge connector,96 month/100000 miles,1GYTEFKL1SU101093,2025,204 kWh,https://ev.com/vehicle/zdiryk,2025CadillacEscalade IQSport 2,"$136,665"
Cadillac,450 mi,Coming Soon,2 mi,680 HP,Up to 7,White,Backen Blk With Santorini,SAE CCS DC fast charge connector,96 month/100000 miles,1GYTEEKL9SU107329,2025,246 kWh,https://ev.com/vehicle/2zc0hu,2025CadillacEscalade IQSport 1 AWD,"$118,665"
Cadillac,450 mi,Coming Soon,20 mi,680 HP,Up to 7,White,Camelia With Backen Black Accents,SAE CCS DC fast charge connector,96 month/100000 miles,1GYTEFKL5SU102764,2025,204 kWh,https://ev.com/vehicle/g1vx2k,2025CadillacEscalade IQSport 2,"$141,230"
Cadillac,450 mi,Coming Soon,6 mi,680 HP,Up to 7,Black,Backen Black With Santorini Accents,SAE CCS DC fast charge connector,96 month/100000 miles,1GYTEEKL6SU107451,2025,246 kWh,https://ev.com/vehicle/cciakk,2025CadillacEscalade IQSport 1 AWD,"$124,130"
Cadillac,314 mi,32 minutes,2 mi,365 HP,Up to 5,Black,Noir With Santorini Blue Accents,SAE CCS DC fast charge connector,96 month/100000 miles,1GYKPURK6SZ300487,2025,102 kWh,https://ev.com/vehicle/l4p9wz,2025CadillacLYRIQSport w/1SF,"$42,790"
Cadillac,314 mi,32 minutes,2 mi,365 HP,Up to 5,Black,Noir With Santorini Blue Accents,SAE CCS DC fast charge connector,96 month/100000 miles,1GYKPNRKXSZ302104,2025,102 kWh,https://ev.com/vehicle/7wnctu,2025CadillacLYRIQLuxury w/1SC,"$42,290"
Cadillac,314 mi,32 minutes,2 mi,340 HP,Up to 5,Black,Noir With Santorini Blue Accents,SAE CCS DC fast charge connector,96 month/100000 miles,1GYKPVRL4RZ141803,2024,102 kWh,https://ev.com/vehicle/od88ae,2024CadillacLYRIQSport w/1SJ,"$54,890"
Cadillac,314 mi,32 minutes,2 mi,340 HP,Up to 5,White,Sky Gray With Santorini Blue Accents,SAE CCS DC fast charge connector,96 month/100000 miles,1GYKPWRK3RZ128263,2024,102 kWh,https://ev.com/vehicle/l0vbyz,2024CadillacLYRIQSport w/1SK,"$56,750"
Cadillac,314 mi,32 minutes,"2,040 mi",340 HP,Up to 5,Red,Sky Gray With Santorini Blue Accents,SAE CCS DC fast charge connector,96 month/100000 miles,1GYKPPRK4RZ139665,2024,102 kWh,https://ev.com/vehicle/j12rhz,2024CadillacLYRIQLuxury w/1SC,"$44,160"
Cadillac,314 mi,32 minutes,2 mi,365 HP,Up to 5,Black,Noir With Santorini Blue Accents,SAE CCS DC fast charge connector,96 month/100000 miles,1GYKPRRK2SZ300032,2025,102 kWh,https://ev.com/vehicle/ywpmgn,2025CadillacLYRIQLuxury w/1SD,"$50,370"
Cadillac,314 mi,32 minutes,2 mi,365 HP,Up to 5,White,Noir With Santorini Blue Accents,SAE CCS DC fast charge connector,96 month/100000 miles,1GYKPRRLXSZ300028,2025,102 kWh,https://ev.com/vehicle/jp0x7b,2025CadillacLYRIQLuxury w/1SD,"$52,990"
Cadillac,314 mi,32 minutes,2 mi,365 HP,Up to 5,Black,Noir With Santorini Blue Accents,SAE CCS DC fast charge connector,96 month/100000 miles,1GYKPRRL6SZ301127,2025,102 kWh,https://ev.com/vehicle/lgs1t7,2025CadillacLYRIQLuxury w/1SD,"$50,790"
Cadillac,314 mi,32 minutes,2 mi,365 HP,Up to 5,White,Sky Gray With Santorini Blue Accents,SAE CCS DC fast charge connector,96 month/100000 miles,1GYKPYRL2SZ300101,2025,102 kWh,https://ev.com/vehicle/b0k9za,2025CadillacLYRIQSport w/1SF,"$56,770"
Cadillac,314 mi,32 minutes,2 mi,365 HP,Up to 5,Red,Sky Gray With Santorini Blue Accents,SAE CCS DC fast charge connector,96 month/100000 miles,1GYKPTRL7SZ300100,2025,102 kWh,https://ev.com/vehicle/7xg7gq,2025CadillacLYRIQLuxury w/1SE,"$56,390"
Cadillac,314 mi,32 minutes,2 mi,365 HP,Up to 5,Black,Noir With Santorini Blue Accents,SAE CCS DC fast charge connector,96 month/100000 miles,1GYKPNRL8SZ301851,2025,102 kWh,https://ev.com/vehicle/a3vijq,2025CadillacLYRIQLuxury w/1SC,"$45,790"
Cadillac,314 mi,32 minutes,2 mi,365 HP,Up to 5,White,Noir With Santorini Blue Accents,SAE CCS DC fast charge connector,96 month/100000 miles,1GYKPRRL8SZ301839,2025,102 kWh,https://ev.com/vehicle/s6ynj5,2025CadillacLYRIQLuxury w/1SD,"$51,390"
Cadillac,314 mi,32 minutes,2 mi,365 HP,Up to 5,Red,Noir With Santorini Blue Accents,SAE CCS DC fast charge connector,96 month/100000 miles,1GYKPWRK5SZ301934,2025,102 kWh,https://ev.com/vehicle/oyyyql,2025CadillacLYRIQSport w/1SJ,"$49,990"
Cadillac,314 mi,32 minutes,2 mi,365 HP,Up to 5,Black,Noir With Santorini Blue Accents,SAE CCS DC fast charge connector,96 month/100000 miles,1GYKPNRKXSZ302569,2025,102 kWh,https://ev.com/vehicle/2p0ach,2025CadillacLYRIQLuxury w/1SC,"$42,290"
Cadillac,314 mi,32 minutes,2 mi,365 HP,Up to 5,White,Noir With Santorini Blue Accents,SAE CCS DC fast charge connector,96 month/100000 miles,1GYKPURK9SZ301830,2025,102 kWh,https://ev.com/vehicle/jtgozx,2025CadillacLYRIQSport w/1SF,"$43,390"
Cadillac,314 mi,32 minutes,2 mi,365 HP,Up to 5,Black,Noir With Santorini Blue Accents,SAE CCS DC fast charge connector,96 month/100000 miles,1GYKPNRL9SZ302930,2025,102 kWh,https://ev.com/vehicle/mdda1p,2025CadillacLYRIQLuxury w/1SC,"$45,790"
Cadillac,314 mi,32 minutes,2 mi,365 HP,Up to 5,White,Noir With Santorini Blue Accents,SAE CCS DC fast charge connector,96 month/100000 miles,1GYKPNRK4SZ303023,2025,102 kWh,https://ev.com/vehicle/pz5vyz,2025CadillacLYRIQLuxury w/1SC,"$42,890"
Cadillac,314 mi,32 minutes,2 mi,365 HP,Up to 5,Black,Noir With Santorini Blue Accents,SAE CCS DC fast charge connector,96 month/100000 miles,1GYKPNRKXSZ303009,2025,102 kWh,https://ev.com/vehicle/86oxwo,2025CadillacLYRIQLuxury w/1SC,"$42,290"
Cadillac,314 mi,32 minutes,2 mi,365 HP,Up to 5,White,Sky Gray With Santorini Blue Accents,SAE CCS DC fast charge connector,96 month/100000 miles,1GYKPNRL0SZ303027,2025,102 kWh,https://ev.com/vehicle/m3xlwu,2025CadillacLYRIQLuxury w/1SC,"$46,390"
Cadillac,314 mi,32 minutes,2 mi,365 HP,Up to 5,Black,Sky Gray With Santorini Blue Accents,SAE CCS DC fast charge connector,96 month/100000 miles,1GYKPNRK7SZ306370,2025,102 kWh,https://ev.com/vehicle/u7sgw1,2025CadillacLYRIQLuxury w/1SC,"$42,290"
Cadillac,N/A,N/A,N/A,N/A,N/A,N/A,N/A,N/A,N/A,N/A,N/A,N/A,https://ev.com/vehicle/8p6olp,2025CadillacLYRIQLuxury w/1SC,"$55,540"
Cadillac,314 mi,32 minutes,2 mi,365 HP,Up to 5,Red,Sky Gray With Santorini Blue Accents,SAE CCS DC fast charge connector,96 month/100000 miles,1GYKPRRL4SZ307461,2025,102 kWh,https://ev.com/vehicle/w30jcw,2025CadillacLYRIQLuxury w/1SD,"$51,390"
Cadillac,314 mi,32 minutes,2 mi,365 HP,Up to 5,Black,Noir With Santorini Blue Accents,SAE CCS DC fast charge connector,96 month/100000 miles,1GYKPRRLXSZ307349,2025,102 kWh,https://ev.com/vehicle/ab749k,2025CadillacLYRIQLuxury w/1SD,"$53,870"
Cadillac,314 mi,32 minutes,2 mi,365 HP,Up to 5,White,Noir With Santorini Blue Accents,SAE CCS DC fast charge connector,96 month/100000 miles,1GYKPRRL3SZ307631,2025,102 kWh,https://ev.com/vehicle/746u3x,2025CadillacLYRIQLuxury w/1SD,"$51,390"
Cadillac,314 mi,32 minutes,2 mi,515 HP,Up to 5,White,Sky Gray With Santorini Blue Accents,SAE CCS DC fast charge connector,96 month/100000 miles,1GYKPWRL0SZ307701,2025,102 kWh,https://ev.com/vehicle/y3z5jr,2025CadillacLYRIQSport w/1SJ,"$53,490"
Cadillac,314 mi,32 minutes,2 mi,515 HP,Up to 5,Red,Sky Gray With Santorini Blue Accents,SAE CCS DC fast charge connector,96 month/100000 miles,1GYKPYRL4SZ307762,2025,102 kWh,https://ev.com/vehicle/dfzdqh,2025CadillacLYRIQSport,"$58,370"
Cadillac,314 mi,32 minutes,2 mi,365 HP,Up to 5,Silver,Noir With Santorini Blue Accents,SAE CCS DC fast charge connector,96 month/100000 miles,1GYKPURKXSZ305949,2025,102 kWh,https://ev.com/vehicle/tm0tft,2025CadillacLYRIQSport w/1SF,"$42,765"
Cadillac,314 mi,32 minutes,2 mi,365 HP,Up to 5,Silver,Noir W/Santorini,SAE CCS DC fast charge connector,96 month/100000 miles,1GYKPNRL0SZ312911,2025,102 kWh,https://ev.com/vehicle/bm8m4l,2025CadillacLYRIQLuxury w/1SC,"$45,265"
Cadillac,314 mi,32 minutes,7 mi,340 HP,Up to 5,N/A,N/A,SAE CCS DC fast charge connector,96 month/100000 miles,1GYKPRRK5RZ138987,2024,102 kWh,https://ev.com/vehicle/dfue4n,2024CadillacLYRIQLuxury w/1SD,"$49,290"
Cadillac,314 mi,32 minutes,5 mi,340 HP,Up to 5,N/A,N/A,SAE CCS DC fast charge connector,96 month/100000 miles,1GYKPRRKXRZ140654,2024,102 kWh,https://ev.com/vehicle/u0h25n,2024CadillacLYRIQLuxury w/1SD,"$45,170"
Cadillac,314 mi,32 minutes,7 mi,365 HP,Up to 5,N/A,N/A,SAE CCS DC fast charge connector,96 month/100000 miles,1GYKPNRKXSZ301230,2025,102 kWh,https://ev.com/vehicle/1slk5x,2025CadillacLYRIQLuxury w/1SC,"$43,490"
Cadillac,314 mi,32 minutes,7 mi,365 HP,Up to 5,N/A,N/A,SAE CCS DC fast charge connector,96 month/100000 miles,1GYKPNRKXSZ301535,2025,102 kWh,https://ev.com/vehicle/c9fzz6,2025CadillacLYRIQLuxury w/1SC,"$41,665"
Cadillac,314 mi,32 minutes,8 mi,365 HP,Up to 5,N/A,N/A,SAE CCS DC fast charge connector,96 month/100000 miles,1GYKPURK3SZ300222,2025,102 kWh,https://ev.com/vehicle/ksou0g,2025CadillacLYRIQSport w/1SJ,"$42,790"
Cadillac,314 mi,32 minutes,9 mi,365 HP,Up to 5,N/A,N/A,SAE CCS DC fast charge connector,96 month/100000 miles,1GYKPNRK7SZ301864,2025,102 kWh,https://ev.com/vehicle/l54ag7,2025CadillacLYRIQLuxury w/1SC,"$43,490"
Cadillac,314 mi,32 minutes,9 mi,365 HP,Up to 5,N/A,N/A,SAE CCS DC fast charge connector,96 month/100000 miles,1GYKPNRL8SZ302286,2025,102 kWh,https://ev.com/vehicle/uociis,2025CadillacLYRIQLuxury w/1SC,"$45,790"
Cadillac,314 mi,32 minutes,7 mi,365 HP,Up to 5,N/A,N/A,SAE CCS DC fast charge connector,96 month/100000 miles,1GYKPURKXSZ306082,2025,102 kWh,https://ev.com/vehicle/dn9gln,2025CadillacLYRIQSport w/1SF,"$42,165"
Cadillac,314 mi,32 minutes,5 mi,365 HP,Up to 5,N/A,N/A,SAE CCS DC fast charge connector,96 month/100000 miles,1GYKPNRK7SZ306241,2025,102 kWh,https://ev.com/vehicle/gl4eum,2025CadillacLYRIQLuxury w/1SC,"$42,890"
Cadillac,314 mi,32 minutes,7 mi,365 HP,Up to 5,N/A,N/A,SAE CCS DC fast charge connector,96 month/100000 miles,1GYKPURKXSZ306227,2025,102 kWh,https://ev.com/vehicle/l2ktj6,2025CadillacLYRIQSport w/1SF,"$42,790"
Cadillac,314 mi,32 minutes,7 mi,515 HP,Up to 5,N/A,N/A,SAE CCS DC fast charge connector,96 month/100000 miles,1GYKPRRL8SZ306510,2025,102 kWh,https://ev.com/vehicle/ri3def,2025CadillacLYRIQLuxury w/1SD,"$50,790"
Cadillac,314 mi,32 minutes,7 mi,365 HP,Up to 5,N/A,N/A,SAE CCS DC fast charge connector,96 month/100000 miles,1GYKPNRL8SZ306936,2025,102 kWh,https://ev.com/vehicle/sbzp7q,2025CadillacLYRIQLuxury w/1SC,"$45,790"
Cadillac,314 mi,32 minutes,7 mi,365 HP,Up to 5,N/A,N/A,SAE CCS DC fast charge connector,96 month/100000 miles,1GYKPURL3SZ306871,2025,102 kWh,https://ev.com/vehicle/pdfkfq,2025CadillacLYRIQSport w/1SF,"$46,290"
Cadillac,314 mi,32 minutes,9 mi,365 HP,Up to 5,N/A,N/A,SAE CCS DC fast charge connector,96 month/100000 miles,1GYKPNRL6SZ307132,2025,102 kWh,https://ev.com/vehicle/ik82xf,2025CadillacLYRIQLuxury w/1SC,"$45,790"
Cadillac,314 mi,32 minutes,7 mi,365 HP,Up to 5,N/A,N/A,SAE CCS DC fast charge connector,96 month/100000 miles,1GYKPNRLXSZ307215,2025,102 kWh,https://ev.com/vehicle/ofsqn6,2025CadillacLYRIQLuxury w/1SC,"$45,790"
Cadillac,314 mi,32 minutes,7 mi,365 HP,Up to 5,N/A,N/A,SAE CCS DC fast charge connector,96 month/100000 miles,1GYKPURL7SZ307084,2025,102 kWh,https://ev.com/vehicle/8t0usa,2025CadillacLYRIQSport w/1SF,"$45,665"
Cadillac,314 mi,32 minutes,7 mi,365 HP,Up to 5,N/A,N/A,SAE CCS DC fast charge connector,96 month/100000 miles,1GYKPURL0SZ308058,2025,102 kWh,https://ev.com/vehicle/p3frhj,2025CadillacLYRIQSport w/1SF,"$47,490"
Cadillac,314 mi,32 minutes,9 mi,365 HP,Up to 5,N/A,N/A,SAE CCS DC fast charge connector,96 month/100000 miles,1GYKPURL3SZ308118,2025,102 kWh,https://ev.com/vehicle/zxgt34,2025CadillacLYRIQSport w/1SF,"$47,490"
Cadillac,314 mi,32 minutes,9 mi,365 HP,Up to 5,N/A,N/A,SAE CCS DC fast charge connector,96 month/100000 miles,1GYKPURL5SZ308038,2025,102 kWh,https://ev.com/vehicle/bkgzlz,2025CadillacLYRIQSport w/1SF,"$46,290"
Cadillac,314 mi,32 minutes,7 mi,365 HP,Up to 5,N/A,N/A,SAE CCS DC fast charge connector,96 month/100000 miles,1GYKPNRK1SZ308258,2025,102 kWh,https://ev.com/vehicle/03n3sl,2025CadillacLYRIQLuxury w/1SC,"$42,290"
Cadillac,314 mi,32 minutes,7 mi,365 HP,Up to 5,N/A,N/A,SAE CCS DC fast charge connector,96 month/100000 miles,1GYKPNRKXSZ308422,2025,102 kWh,https://ev.com/vehicle/yclldc,2025CadillacLYRIQLuxury w/1SC,"$41,665"
Cadillac,314 mi,32 minutes,8 mi,365 HP,Up to 5,N/A,N/A,SAE CCS DC fast charge connector,96 month/100000 miles,1GYKPURK9SZ308437,2025,102 kWh,https://ev.com/vehicle/8vrotd,2025CadillacLYRIQSport w/1SF,"$43,390"
Cadillac,314 mi,32 minutes,5 mi,365 HP,Up to 5,N/A,N/A,SAE CCS DC fast charge connector,96 month/100000 miles,1GYKPURKXSZ308396,2025,102 kWh,https://ev.com/vehicle/t8gzal,2025CadillacLYRIQSport w/1SF,"$42,790"
Cadillac,314 mi,32 minutes,7 mi,365 HP,Up to 5,N/A,N/A,SAE CCS DC fast charge connector,96 month/100000 miles,1GYKPURL4SZ308399,2025,102 kWh,https://ev.com/vehicle/9k8vsa,2025CadillacLYRIQSport w/1SF,"$45,665"
Cadillac,314 mi,32 minutes,7 mi,365 HP,Up to 5,N/A,N/A,SAE CCS DC fast charge connector,96 month/100000 miles,1GYKPURLXSZ306110,2025,102 kWh,https://ev.com/vehicle/33xgvr,2025CadillacLYRIQSport w/1SF,"$46,890"
Cadillac,314 mi,32 minutes,7 mi,365 HP,Up to 5,N/A,N/A,SAE CCS DC fast charge connector,96 month/100000 miles,1GYKPURL6SZ308386,2025,102 kWh,https://ev.com/vehicle/sse6s5,2025CadillacLYRIQSport w/1SF,"$46,290"
Cadillac,314 mi,32 minutes,7 mi,365 HP,Up to 5,N/A,N/A,SAE CCS DC fast charge connector,96 month/100000 miles,1GYKPNRK4SZ308562,2025,102 kWh,https://ev.com/vehicle/hafr8d,2025CadillacLYRIQLuxury w/1SC,"$42,890"
Cadillac,314 mi,32 minutes,7 mi,365 HP,Up to 5,N/A,N/A,SAE CCS DC fast charge connector,96 month/100000 miles,1GYKPURK2SZ308523,2025,102 kWh,https://ev.com/vehicle/hq88ex,2025CadillacLYRIQSport w/1SF,"$42,165"
Cadillac,314 mi,32 minutes,7 mi,365 HP,Up to 5,N/A,N/A,SAE CCS DC fast charge connector,96 month/100000 miles,1GYKPURL9SZ308463,2025,102 kWh,https://ev.com/vehicle/690jzi,2025CadillacLYRIQSport w/1SF,"$45,665"
Cadillac,314 mi,32 minutes,9 mi,365 HP,Up to 5,N/A,N/A,SAE CCS DC fast charge connector,96 month/100000 miles,1GYKPURK3SZ308689,2025,102 kWh,https://ev.com/vehicle/bdrvl4,2025CadillacLYRIQSport w/1SF,"$42,790"
Cadillac,314 mi,32 minutes,5 mi,365 HP,Up to 5,N/A,N/A,SAE CCS DC fast charge connector,96 month/100000 miles,1GYKPNRK2SZ308771,2025,102 kWh,https://ev.com/vehicle/o2yxja,2025CadillacLYRIQLuxury w/1SC,"$41,665"
Cadillac,314 mi,32 minutes,9 mi,365 HP,Up to 5,N/A,N/A,SAE CCS DC fast charge connector,96 month/100000 miles,1GYKPURL1SZ308862,2025,102 kWh,https://ev.com/vehicle/hscgm0,2025CadillacLYRIQSport w/1SF,"$46,890"
Cadillac,314 mi,32 minutes,9 mi,365 HP,Up to 5,N/A,N/A,SAE CCS DC fast charge connector,96 month/100000 miles,1GYKPURK2SZ309347,2025,102 kWh,https://ev.com/vehicle/n6r0zb,2025CadillacLYRIQSport w/1SF,"$42,790"
Cadillac,314 mi,32 minutes,7 mi,365 HP,Up to 5,N/A,N/A,SAE CCS DC fast charge connector,96 month/100000 miles,1GYKPURL2SZ310166,2025,102 kWh,https://ev.com/vehicle/u95psw,2025CadillacLYRIQSport w/1SF,"$46,290"
Cadillac,314 mi,32 minutes,9 mi,515 HP,Up to 5,N/A,N/A,SAE CCS DC fast charge connector,96 month/100000 miles,1GYKPWRL1SZ310106,2025,102 kWh,https://ev.com/vehicle/advb3n,2025CadillacLYRIQSport w/1SJ,"$52,145"
Cadillac,314 mi,32 minutes,5 mi,515 HP,Up to 5,N/A,N/A,SAE CCS DC fast charge connector,96 month/100000 miles,1GYKPWRL1SZ310123,2025,102 kWh,https://ev.com/vehicle/wp89fc,2025CadillacLYRIQSport w/1SJ,"$52,770"
Cadillac,314 mi,32 minutes,7 mi,515 HP,Up to 5,N/A,N/A,SAE CCS DC fast charge connector,96 month/100000 miles,1GYKPWRL7SZ310188,2025,102 kWh,https://ev.com/vehicle/slr6xq,2025CadillacLYRIQSport w/1SJ,"$53,370"
Cadillac,314 mi,32 minutes,6 mi,365 HP,Up to 5,N/A,N/A,SAE CCS DC fast charge connector,96 month/100000 miles,1GYKPURL1SZ311082,2025,102 kWh,https://ev.com/vehicle/6daikj,2025CadillacLYRIQSport w/1SF,"$46,290"
Cadillac,314 mi,32 minutes,6 mi,515 HP,Up to 5,N/A,N/A,SAE CCS DC fast charge connector,96 month/100000 miles,1GYKPWRL5SZ311050,2025,102 kWh,https://ev.com/vehicle/6rydq9,2025CadillacLYRIQSport w/1SJ,"$53,370"
Cadillac,314 mi,32 minutes,6 mi,515 HP,Up to 5,N/A,N/A,SAE CCS DC fast charge connector,96 month/100000 miles,1GYKPWRL6SZ311042,2025,102 kWh,https://ev.com/vehicle/77caaz,2025CadillacLYRIQSport w/1SJ,"$53,370"
Cadillac,314 mi,32 minutes,7 mi,515 HP,Up to 5,N/A,N/A,SAE CCS DC fast charge connector,96 month/100000 miles,1GYKPWRL8SZ311060,2025,102 kWh,https://ev.com/vehicle/dcwpov,2025CadillacLYRIQSport w/1SJ,"$53,370"
Cadillac,314 mi,32 minutes,6 mi,515 HP,Up to 5,N/A,N/A,SAE CCS DC fast charge connector,96 month/100000 miles,1GYKPWRLXSZ311030,2025,102 kWh,https://ev.com/vehicle/elm6wb,2025CadillacLYRIQSport w/1SJ,"$53,370"
Cadillac,314 mi,32 minutes,3 mi,365 HP,Up to 5,N/A,N/A,SAE CCS DC fast charge connector,96 month/100000 miles,1GYKPNRK3SZ311517,2025,102 kWh,https://ev.com/vehicle/5u5kib,2025CadillacLYRIQLuxury w/1SC,"$42,290"
Cadillac,314 mi,32 minutes,2 mi,365 HP,Up to 5,N/A,N/A,SAE CCS DC fast charge connector,96 month/100000 miles,1GYKPNRK5SZ311504,2025,102 kWh,https://ev.com/vehicle/u1vi70,2025CadillacLYRIQLuxury w/1SC,"$42,890"
Cadillac,314 mi,32 minutes,1 mi,365 HP,Up to 5,N/A,N/A,SAE CCS DC fast charge connector,96 month/100000 miles,1GYKPNRK1SZ311693,2025,102 kWh,https://ev.com/vehicle/16d2vy,2025CadillacLYRIQLuxury w/1SC,"$41,665"
Cadillac,314 mi,32 minutes,2 mi,365 HP,Up to 5,N/A,N/A,SAE CCS DC fast charge connector,96 month/100000 miles,1GYKPNRK2SZ311668,2025,102 kWh,https://ev.com/vehicle/nk0v44,2025CadillacLYRIQLuxury w/1SC,"$42,290"
Cadillac,314 mi,32 minutes,9 mi,365 HP,Up to 5,N/A,N/A,SAE CCS DC fast charge connector,96 month/100000 miles,1GYKPURL7SZ311538,2025,102 kWh,https://ev.com/vehicle/2qngtv,2025CadillacLYRIQSport w/1SF,"$46,890"
Cadillac,314 mi,32 minutes,5 mi,365 HP,Up to 5,N/A,N/A,SAE CCS DC fast charge connector,96 month/100000 miles,1GYKPURL6SZ311482,2025,102 kWh,https://ev.com/vehicle/lhm6z8,2025CadillacLYRIQSport w/1SF,"$45,665"
Cadillac,N/A,32 minutes,N/A,615 HP,Up to 5,N/A,N/A,SAE CCS DC fast charge connector,96 month/100000 miles,1GYXP3RL7TZ600095,2026,102 kWh,https://ev.com/vehicle/ubwy4e,2026CadillacLYRIQV-Series w/1SM,"$81,885"
Cadillac,307 mi,32 minutes,5 mi,340 HP,Up to 5,Argent Silver Metallic,Sky Cool Gray with Santorini Blue accents,SAE CCS DC fast charge connector,96 month/100000 miles,1GYKPRRL5RZ143356,2024,102 kWh,https://ev.com/vehicle/yfydfh,2024CadillacLYRIQLuxury w/1SD,"$55,845"
Cadillac,307 mi,32 minutes,5 mi,340 HP,Up to 5,Emerald Lake Metallic,Sky Cool Gray with Santorini Blue accents,SAE CCS DC fast charge connector,96 month/100000 miles,1GYKPSRL1RZ142471,2024,102 kWh,https://ev.com/vehicle/c49fws,2024CadillacLYRIQLuxury w/1SE,"$60,035"
Cadillac,307 mi,32 minutes,5 mi,340 HP,Up to 5,Argent Silver Metallic,Oxford Stone with Garnet accents,SAE CCS DC fast charge connector,96 month/100000 miles,1GYKPSRL9RZ142296,2024,102 kWh,https://ev.com/vehicle/ik7t74,2024CadillacLYRIQLuxury w/1SE,"$61,920"
Cadillac,307 mi,32 minutes,5 mi,340 HP,Up to 5,Stellar Black Metallic,Oxford Stone with Garnet accents,SAE CCS DC fast charge connector,96 month/100000 miles,1GYKPWRL0RZ142419,2024,102 kWh,https://ev.com/vehicle/6l9089,2024CadillacLYRIQSport w/1SK,"$61,445"
Cadillac,307 mi,32 minutes,5 mi,340 HP,Up to 5,Radiant Red Tintcoat,Sky Cool Gray with Santorini Blue accents,SAE CCS DC fast charge connector,96 month/100000 miles,1GYKPWRL1RZ142297,2024,102 kWh,https://ev.com/vehicle/72x0rz,2024CadillacLYRIQSport w/1SK,"$58,055"
Cadillac,314 mi,32 minutes,5 mi,365 HP,Up to 5,Stellar Black Metallic,Noir with Santorini Blue accents,SAE CCS DC fast charge connector,96 month/100000 miles,1GYKPNRL4SZ309428,2025,102 kWh,https://ev.com/vehicle/e9nnq6,2025CadillacLYRIQLuxury w/1SC,"$47,750"
Cadillac,307 mi,32 minutes,5 mi,515 HP,Up to 5,Radiant Red Tintcoat,Noir with Santorini Blue accents,SAE CCS DC fast charge connector,96 month/100000 miles,1GYKPTRL2SZ308962,2025,102 kWh,https://ev.com/vehicle/g2gm5x,2025CadillacLYRIQLuxury w/1SE,"$58,265"
Cadillac,314 mi,32 minutes,5 mi,365 HP,Up to 5,Stellar Black Metallic,Noir with Santorini Blue accents,SAE CCS DC fast charge connector,96 month/100000 miles,1GYKPNRL6SZ309429,2025,102 kWh,https://ev.com/vehicle/8pks0f,2025CadillacLYRIQLuxury w/1SC,"$46,185"
Cadillac,307 mi,32 minutes,5 mi,515 HP,Up to 5,Radiant Red Tintcoat,Noir with Santorini Blue accents,SAE CCS DC fast charge connector,96 month/100000 miles,1GYKPTRLXSZ308868,2025,102 kWh,https://ev.com/vehicle/me5457,2025CadillacLYRIQLuxury w/1SE,"$58,265"
Cadillac,307 mi,32 minutes,5 mi,515 HP,Up to 5,Radiant Red Tintcoat,Noir with Santorini Blue accents,SAE CCS DC fast charge connector,96 month/100000 miles,1GYKPTRL8SZ311008,2025,102 kWh,https://ev.com/vehicle/lsnl0i,2025CadillacLYRIQLuxury w/1SE,"$62,860"
Cadillac,307 mi,32 minutes,5 mi,515 HP,Up to 5,Crystal White Tricoat,Noir with Santorini Blue accents,SAE CCS DC fast charge connector,96 month/100000 miles,1GYKPTRL5SZ311872,2025,102 kWh,https://ev.com/vehicle/ldd3nb,2025CadillacLYRIQLuxury w/1SE,"$62,860"
Cadillac,314 mi,32 minutes,2 mi,340 HP,Up to 5,Silver,Noir With Santorini Blue Accents,SAE CCS DC fast charge connector,96 month/100000 miles,1GYKPWRK0RZ127524,2024,102 kWh,https://ev.com/vehicle/mldrwa,2024CadillacLYRIQSport w/1SK,"$47,450"
Cadillac,314 mi,32 minutes,2 mi,365 HP,Up to 5,Silver,Noir With Santorini Blue Accents,SAE CCS DC fast charge connector,96 month/100000 miles,1GYKPURL7SZ303116,2025,102 kWh,https://ev.com/vehicle/cqh9bb,2025CadillacLYRIQSport w/1SF,"$43,665"
Cadillac,314 mi,32 minutes,2 mi,365 HP,Up to 5,Black,Noir With Santorini Blu A,SAE CCS DC fast charge connector,96 month/100000 miles,1GYKPURL6SZ309943,2025,102 kWh,https://ev.com/vehicle/veg7cd,2025CadillacLYRIQSport w/1SF,"$45,290"
Cadillac,314 mi,32 minutes,2 mi,365 HP,Up to 5,White,Noir With Santorini Blu A,SAE CCS DC fast charge connector,96 month/100000 miles,1GYKPURL0SZ310389,2025,102 kWh,https://ev.com/vehicle/tk0mgo,2025CadillacLYRIQSport w/1SF,"$45,890"
Cadillac,314 mi,32 minutes,2 mi,365 HP,Up to 5,Black,Noir With Santorini Blu A,SAE CCS DC fast charge connector,96 month/100000 miles,1GYKPURL5SZ310467,2025,102 kWh,https://ev.com/vehicle/4kwiu9,2025CadillacLYRIQSport w/1SF,"$45,290"
Cadillac,314 mi,32 minutes,2 mi,365 HP,Up to 5,White,Noir With Santorini Blu A,SAE CCS DC fast charge connector,96 month/100000 miles,1GYKPURKXSZ311038,2025,102 kWh,https://ev.com/vehicle/2p53ed,2025CadillacLYRIQSport w/1SF,"$44,955"
Cadillac,314 mi,32 minutes,2 mi,365 HP,Up to 5,Black,Noir With Santorini Blu A,SAE CCS DC fast charge connector,96 month/100000 miles,1GYKPURL2SZ311057,2025,102 kWh,https://ev.com/vehicle/omny3d,2025CadillacLYRIQSport w/1SF,"$45,290"
Cadillac,314 mi,32 minutes,2 mi,365 HP,Up to 5,Black,Noir With Santorini Blu A,SAE CCS DC fast charge connector,96 month/100000 miles,1GYKPURL9SZ311105,2025,102 kWh,https://ev.com/vehicle/gf9hkw,2025CadillacLYRIQSport w/1SF,"$47,855"
Cadillac,314 mi,32 minutes,2 mi,365 HP,Up to 5,Silver,Noir With Santorini Blu A,SAE CCS DC fast charge connector,96 month/100000 miles,1GYKPURK4SZ311553,2025,102 kWh,https://ev.com/vehicle/i9tlwx,2025CadillacLYRIQSport w/1SF,"$41,165"
Cadillac,314 mi,32 minutes,2 mi,365 HP,Up to 5,White,Noir W Santorini Blu,SAE CCS DC fast charge connector,96 month/100000 miles,1GYKPURK5SZ311562,2025,102 kWh,https://ev.com/vehicle/67tuh2,2025CadillacLYRIQSport w/1SF,"$42,390"
Cadillac,314 mi,32 minutes,2 mi,365 HP,Up to 5,White,Noir W Santorini Blu,SAE CCS DC fast charge connector,96 month/100000 miles,1GYKPURL0SZ311512,2025,102 kWh,https://ev.com/vehicle/qu04a6,2025CadillacLYRIQSport w/1SF,"$45,890"
Cadillac,314 mi,32 minutes,2 mi,365 HP,Up to 5,White,Noir W Santorini Blu,SAE CCS DC fast charge connector,96 month/100000 miles,1GYKPURK6SZ311537,2025,102 kWh,https://ev.com/vehicle/2otlf5,2025CadillacLYRIQSport w/1SF,"$43,390"
Cadillac,314 mi,32 minutes,2 mi,365 HP,Up to 5,White,Noir W Santorini Blu,SAE CCS DC fast charge connector,96 month/100000 miles,1GYKPURLXSZ311548,2025,102 kWh,https://ev.com/vehicle/imr5gm,2025CadillacLYRIQSport w/1SF,"$46,890"
Cadillac,314 mi,32 minutes,"3,292 mi",365 HP,Up to 5,Black,Sky Gray With Santorini Blue Accents,SAE CCS DC fast charge connector,96 month/100000 miles,1GYKPNRL3SZ303281,2025,102 kWh,https://ev.com/vehicle/0z8u6a,2025CadillacLYRIQLuxury w/1SC,"$43,790"
Cadillac,314 mi,32 minutes,38 mi,340 HP,Up to 5,White,Noir With Santorini Blue Accents,SAE CCS DC fast charge connector,96 month/100000 miles,1GYKPTRK7RZ118494,2024,102 kWh,https://ev.com/vehicle/8v0xnp,2024CadillacLYRIQSport w/1SF,"$46,465"
Cadillac,300 mi,Coming Soon,2 mi,300 HP,Up to 5,Black,Noir,SAE CCS DC fast charge connector,96 month/100000 miles,3GYK3GMR0SS162640,2025,N/A,https://ev.com/vehicle/k8hw62,2025CadillacOPTIQSport,"$41,045"
Cadillac,300 mi,Coming Soon,2 mi,300 HP,Up to 5,White,Noir,SAE CCS DC fast charge connector,96 month/100000 miles,3GYK3GMR5SS144392,2025,N/A,https://ev.com/vehicle/kvh7qr,2025CadillacOPTIQSport,"$41,570"
Cadillac,300 mi,Coming Soon,2 mi,300 HP,Up to 5,Red,Noir,SAE CCS DC fast charge connector,96 month/100000 miles,3GYK3GMR7SS149013,2025,N/A,https://ev.com/vehicle/zni0ax,2025CadillacOPTIQSport,"$42,270"
Cadillac,300 mi,Coming Soon,2 mi,300 HP,Up to 5,Silver,Noir,SAE CCS DC fast charge connector,96 month/100000 miles,3GYK3GMRXSS140757,2025,N/A,https://ev.com/vehicle/mfgftg,2025CadillacOPTIQSport,"$42,270"
Cadillac,300 mi,Coming Soon,2 mi,300 HP,Up to 5,Black,Noir,SAE CCS DC fast charge connector,96 month/100000 miles,3GYK3GMR3SS171381,2025,N/A,https://ev.com/vehicle/8b16uh,2025CadillacOPTIQSport,"$41,045"
Cadillac,300 mi,Coming Soon,2 mi,300 HP,Up to 5,Black,Noir,SAE CCS DC fast charge connector,96 month/100000 miles,3GYK3BMR6SS188761,2025,N/A,https://ev.com/vehicle/wxtcmr,2025CadillacOPTIQLuxury,"$36,065"
Cadillac,300 mi,Coming Soon,2 mi,300 HP,Up to 5,Black,Noir,SAE CCS DC fast charge connector,96 month/100000 miles,3GYK3EMR2SS189469,2025,N/A,https://ev.com/vehicle/c1ioiv,2025CadillacOPTIQSport,"$36,665"
Cadillac,300 mi,Coming Soon,2 mi,300 HP,Up to 5,White,Noir,SAE CCS DC fast charge connector,96 month/100000 miles,3GYK3EMR6SS189474,2025,N/A,https://ev.com/vehicle/kww1tv,2025CadillacOPTIQSport,"$37,890"
Cadillac,300 mi,Coming Soon,2 mi,300 HP,Up to 5,Silver,Noir,SAE CCS DC fast charge connector,96 month/100000 miles,3GYK3GMR6SS200937,2025,N/A,https://ev.com/vehicle/9c4okc,2025CadillacOPTIQSport,"$40,970"
Cadillac,300 mi,Coming Soon,2 mi,300 HP,Up to 5,Black,Noir,SAE CCS DC fast charge connector,96 month/100000 miles,3GYK3GMR8SS200955,2025,N/A,https://ev.com/vehicle/quci2i,2025CadillacOPTIQSport,"$40,345"
Cadillac,300 mi,Coming Soon,6 mi,300 HP,Up to 5,N/A,N/A,SAE CCS DC fast charge connector,96 month/100000 miles,3GYK3BMR0SS145243,2025,N/A,https://ev.com/vehicle/3g7hx3,2025CadillacOPTIQLuxury,"$36,065"
Cadillac,300 mi,Coming Soon,48 mi,300 HP,Up to 5,N/A,N/A,SAE CCS DC fast charge connector,96 month/100000 miles,3GYK3BMR2SS161296,2025,N/A,https://ev.com/vehicle/y9ebuw,2025CadillacOPTIQLuxury,"$36,065"
Cadillac,300 mi,Coming Soon,6 mi,300 HP,Up to 5,N/A,N/A,SAE CCS DC fast charge connector,96 month/100000 miles,3GYK3BMR5SS147487,2025,N/A,https://ev.com/vehicle/f7c7i0,2025CadillacOPTIQLuxury,"$37,290"
Cadillac,300 mi,Coming Soon,26 mi,300 HP,Up to 5,N/A,N/A,SAE CCS DC fast charge connector,96 month/100000 miles,3GYK3EMR5SS158264,2025,N/A,https://ev.com/vehicle/9meavo,2025CadillacOPTIQSport,"$40,415"
Cadillac,300 mi,Coming Soon,23 mi,300 HP,Up to 5,N/A,N/A,SAE CCS DC fast charge connector,96 month/100000 miles,3GYK3EMR7SS158959,2025,N/A,https://ev.com/vehicle/7rqn04,2025CadillacOPTIQSport,"$42,240"
Cadillac,300 mi,Coming Soon,59 mi,300 HP,Up to 5,N/A,N/A,SAE CCS DC fast charge connector,96 month/100000 miles,3GYK3BMR8SS164400,2025,N/A,https://ev.com/vehicle/dyq5sh,2025CadillacOPTIQLuxury,"$36,065"
Cadillac,300 mi,Coming Soon,4 mi,300 HP,Up to 5,N/A,N/A,SAE CCS DC fast charge connector,96 month/100000 miles,3GYK3EMR6SS160346,2025,N/A,https://ev.com/vehicle/gg59v5,2025CadillacOPTIQSport,"$40,660"
Cadillac,300 mi,Coming Soon,6 mi,300 HP,Up to 5,N/A,N/A,SAE CCS DC fast charge connector,96 month/100000 miles,3GYK3BMR7SS164386,2025,N/A,https://ev.com/vehicle/atod7q,2025CadillacOPTIQLuxury,"$36,690"
Cadillac,300 mi,Coming Soon,5 mi,300 HP,Up to 5,N/A,N/A,SAE CCS DC fast charge connector,96 month/100000 miles,3GYK3BMR1SS162908,2025,N/A,https://ev.com/vehicle/peyokj,2025CadillacOPTIQLuxury,"$36,065"
Cadillac,300 mi,Coming Soon,8 mi,300 HP,Up to 5,N/A,N/A,SAE CCS DC fast charge connector,96 month/100000 miles,3GYK3EMR8SS165869,2025,N/A,https://ev.com/vehicle/1wud6y,2025CadillacOPTIQSport,"$37,290"
Cadillac,300 mi,Coming Soon,11 mi,300 HP,Up to 5,N/A,N/A,SAE CCS DC fast charge connector,96 month/100000 miles,3GYK3EMR5SS150603,2025,N/A,https://ev.com/vehicle/d1mvsl,2025CadillacOPTIQSport,"$40,415"
Cadillac,300 mi,Coming Soon,7 mi,300 HP,Up to 5,N/A,N/A,SAE CCS DC fast charge connector,96 month/100000 miles,3GYK3BMR0SS176315,2025,N/A,https://ev.com/vehicle/4ay9nz,2025CadillacOPTIQLuxury,"$36,065"
Cadillac,300 mi,Coming Soon,5 mi,300 HP,Up to 5,N/A,N/A,SAE CCS DC fast charge connector,96 month/100000 miles,3GYK3EMR1SS173991,2025,N/A,https://ev.com/vehicle/mkfsw5,2025CadillacOPTIQSport,"$42,240"
Cadillac,300 mi,Coming Soon,7 mi,300 HP,Up to 5,N/A,N/A,SAE CCS DC fast charge connector,96 month/100000 miles,3GYK3GMRXSS182667,2025,N/A,https://ev.com/vehicle/o7643u,2025CadillacOPTIQSport,"$41,290"
Cadillac,300 mi,Coming Soon,11 mi,300 HP,Up to 5,N/A,N/A,SAE CCS DC fast charge connector,96 month/100000 miles,3GYK3BMR8SS185991,2025,N/A,https://ev.com/vehicle/mgm7i4,2025CadillacOPTIQLuxury,"$37,290"
Cadillac,300 mi,Coming Soon,9 mi,300 HP,Up to 5,N/A,N/A,SAE CCS DC fast charge connector,96 month/100000 miles,3GYK3EMR0SS191611,2025,N/A,https://ev.com/vehicle/05ghka,2025CadillacOPTIQSport,"$36,665"
Cadillac,300 mi,Coming Soon,9 mi,300 HP,Up to 5,N/A,N/A,SAE CCS DC fast charge connector,96 month/100000 miles,3GYK3EMR2SS194882,2025,N/A,https://ev.com/vehicle/7bwfvb,2025CadillacOPTIQSport,"$36,665"
Cadillac,300 mi,Coming Soon,7 mi,300 HP,Up to 5,N/A,N/A,SAE CCS DC fast charge connector,96 month/100000 miles,3GYK3EMR7SS191623,2025,N/A,https://ev.com/vehicle/b9yyan,2025CadillacOPTIQSport,"$37,290"
Cadillac,300 mi,Coming Soon,7 mi,300 HP,Up to 5,N/A,N/A,SAE CCS DC fast charge connector,96 month/100000 miles,3GYK3EMRXSS191647,2025,N/A,https://ev.com/vehicle/nfkmzy,2025CadillacOPTIQSport,"$37,890"
Cadillac,300 mi,Coming Soon,3 mi,300 HP,Up to 5,N/A,N/A,SAE CCS DC fast charge connector,96 month/100000 miles,3GYK3BMR9SS212504,2025,N/A,https://ev.com/vehicle/nonwgb,2025CadillacOPTIQLuxury,"$37,290"
Cadillac,300 mi,Coming Soon,3 mi,300 HP,Up to 5,N/A,N/A,SAE CCS DC fast charge connector,96 month/100000 miles,3GYK3BMR2SS212490,2025,N/A,https://ev.com/vehicle/ht5yoa,2025CadillacOPTIQLuxury,"$36,065"
Cadillac,302 mi,N/A,2 mi,N/A,Up to 5,White,Noir Inteluxe Seats,N/A,N/A,3GYK3EMR3SS194938,2025,N/A,https://ev.com/vehicle/nggjd1,2025CadillacOPTIQ,"$37,890"
Cadillac,300 mi,Coming Soon,693 mi,300 HP,Up to 5,Silver,Noir,SAE CCS DC fast charge connector,96 month/100000 miles,3GYK3BMR1SS165856,2025,N/A,https://ev.com/vehicle/moq1qs,2025CadillacOPTIQLuxury,"$43,626"
Cadillac,300 mi,Coming Soon,5 mi,300 HP,Up to 5,Radiant Red Tricoat,Noir,SAE CCS DC fast charge connector,96 month/100000 miles,3GYK3BMR0SS168683,2025,N/A,https://ev.com/vehicle/0slsa7,2025CadillacOPTIQLuxury,"$47,040"
Cadillac,300 mi,Coming Soon,5 mi,300 HP,Up to 5,Black Raven,Noir,SAE CCS DC fast charge connector,96 month/100000 miles,3GYK3BMR9SS145399,2025,N/A,https://ev.com/vehicle/nyf3pw,2025CadillacOPTIQLuxury,"$36,065"
Cadillac,300 mi,Coming Soon,5 mi,300 HP,Up to 5,Crystal White Tricoat,Noir,SAE CCS DC fast charge connector,96 month/100000 miles,3GYK3EMR7SS155365,2025,N/A,https://ev.com/vehicle/xmec41,2025CadillacOPTIQSport,"$39,455"
Cadillac,300 mi,Coming Soon,778 mi,300 HP,Up to 5,Black Raven,Noir,SAE CCS DC fast charge connector,96 month/100000 miles,3GYK3BMR3SS160349,2025,N/A,https://ev.com/vehicle/75gt3f,2025CadillacOPTIQLuxury,"$34,380"
Cadillac,300 mi,Coming Soon,5 mi,300 HP,Up to 5,Crystal White Tricoat,Noir,SAE CCS DC fast charge connector,96 month/100000 miles,3GYK3GMR2SS207139,2025,N/A,https://ev.com/vehicle/c6337t,2025CadillacOPTIQSport 2 AWD,"$41,570"
Cadillac,300 mi,Coming Soon,2 mi,300 HP,Up to 5,Black,Noir,SAE CCS DC fast charge connector,96 month/100000 miles,3GYK3GMRXSS157655,2025,N/A,https://ev.com/vehicle/n9ntav,2025CadillacOPTIQSport,"$41,559"
Cadillac,300 mi,Coming Soon,2 mi,300 HP,Up to 5,Black,Noir,SAE CCS DC fast charge connector,96 month/100000 miles,3GYK3GMRXSS152830,2025,N/A,https://ev.com/vehicle/o3lpkc,2025CadillacOPTIQSport,"$43,084"
Cadillac,300 mi,Coming Soon,2 mi,300 HP,Up to 5,White,Noir Inteluxe Seats,SAE CCS DC fast charge connector,96 month/100000 miles,3GYK3EMR0SS192693,2025,N/A,https://ev.com/vehicle/9pho9r,2025CadillacOPTIQSport,"$37,890"
Cadillac,300 mi,Coming Soon,2 mi,300 HP,Up to 5,Silver,Noir Inteluxe Seats,SAE CCS DC fast charge connector,96 month/100000 miles,3GYK3EMR3SS192705,2025,N/A,https://ev.com/vehicle/zew0io,2025CadillacOPTIQSport,"$36,290"
Cadillac,300 mi,Coming Soon,53 mi,300 HP,Up to 5,Black,Noir,SAE CCS DC fast charge connector,96 month/100000 miles,3GYK3GMR4SS168019,2025,N/A,https://ev.com/vehicle/ock5dc,2025CadillacOPTIQSport,"$46,280"
Cadillac,300 mi,Coming Soon,50 mi,615 HP,Up to 7,Silver,Sheer Gray,SAE CCS DC fast charge connector,96 month/100000 miles,1GYC3KML0TZ700552,2026,102 kWh,https://ev.com/vehicle/7ygdlp,2026CadillacVISTIQLuxury,"$62,340"
Cadillac,300 mi,Coming Soon,24 mi,615 HP,Up to 7,Silver,Sheer Gray,SAE CCS DC fast charge connector,96 month/100000 miles,1GYC3KML5TZ700787,2026,102 kWh,https://ev.com/vehicle/u2ry80,2026CadillacVISTIQLuxury,"$61,265"
Cadillac,300 mi,Coming Soon,4 mi,615 HP,Up to 7,N/A,N/A,SAE CCS DC fast charge connector,96 month/100000 miles,1GYC3KML0TZ700504,2026,102 kWh,https://ev.com/vehicle/u0fp77,2026CadillacVISTIQLuxury,"$61,090"
Cadillac,300 mi,Coming Soon,N/A,615 HP,Up to 7,N/A,N/A,SAE CCS DC fast charge connector,96 month/100000 miles,1GYC3KML2TZ700388,2026,102 kWh,https://ev.com/vehicle/4kham3,2026CadillacVISTIQLuxury,"$61,090"
Cadillac,300 mi,Coming Soon,7 mi,615 HP,Up to 7,N/A,N/A,SAE CCS DC fast charge connector,96 month/100000 miles,1GYC3KML2TZ700469,2026,102 kWh,https://ev.com/vehicle/vznrin,2026CadillacVISTIQLuxury,"$61,090"
Cadillac,300 mi,Coming Soon,N/A,615 HP,Up to 7,N/A,N/A,SAE CCS DC fast charge connector,96 month/100000 miles,1GYC3KML3TZ700433,2026,102 kWh,https://ev.com/vehicle/a00imw,2026CadillacVISTIQLuxury,"$61,090"
Cadillac,300 mi,Coming Soon,N/A,615 HP,Up to 7,N/A,N/A,SAE CCS DC fast charge connector,96 month/100000 miles,1GYC3KML9TZ700792,2026,102 kWh,https://ev.com/vehicle/l54hmr,2026CadillacVISTIQLuxury,"$61,890"
Cadillac,300 mi,Coming Soon,7 mi,615 HP,Up to 7,N/A,N/A,SAE CCS DC fast charge connector,96 month/100000 miles,1GYC3KML2TZ700875,2026,102 kWh,https://ev.com/vehicle/0950y8,2026CadillacVISTIQLuxury,"$61,890"
Cadillac,300 mi,Coming Soon,5 mi,615 HP,Up to 7,N/A,N/A,SAE CCS DC fast charge connector,96 month/100000 miles,1GYC3KML9TZ700923,2026,102 kWh,https://ev.com/vehicle/ffb25f,2026CadillacVISTIQLuxury,"$61,890"
Cadillac,300 mi,Coming Soon,7 mi,615 HP,Up to 7,N/A,N/A,SAE CCS DC fast charge connector,96 month/100000 miles,1GYC3NML2TZ701123,2026,102 kWh,https://ev.com/vehicle/rx6q3n,2026CadillacVISTIQSport,"$62,390"
Cadillac,300 mi,Coming Soon,6 mi,615 HP,Up to 7,N/A,N/A,SAE CCS DC fast charge connector,96 month/100000 miles,1GYC3NML0TZ701198,2026,102 kWh,https://ev.com/vehicle/oqkoz7,2026CadillacVISTIQSport,"$62,390"
Cadillac,300 mi,Coming Soon,6 mi,615 HP,Up to 7,N/A,N/A,SAE CCS DC fast charge connector,96 month/100000 miles,1GYC3KML1TZ700463,2026,102 kWh,https://ev.com/vehicle/g1l11l,2026CadillacVISTIQLuxury,"$61,390"
Cadillac,300 mi,Coming Soon,N/A,615 HP,Up to 7,N/A,N/A,SAE CCS DC fast charge connector,96 month/100000 miles,1GYC3KML4TZ700795,2026,102 kWh,https://ev.com/vehicle/p2s0up,2026CadillacVISTIQLuxury,"$62,190"
Cadillac,300 mi,Coming Soon,4 mi,615 HP,Up to 7,N/A,N/A,SAE CCS DC fast charge connector,96 month/100000 miles,1GYC3KML6TZ701401,2026,102 kWh,https://ev.com/vehicle/00rdq5,2026CadillacVISTIQLuxury,"$61,390"
Cadillac,300 mi,Coming Soon,5 mi,615 HP,Up to 7,N/A,N/A,SAE CCS DC fast charge connector,96 month/100000 miles,1GYC3KML8TZ701402,2026,102 kWh,https://ev.com/vehicle/hhfhqx,2026CadillacVISTIQLuxury,"$61,390"
Cadillac,300 mi,Coming Soon,4 mi,615 HP,Up to 7,N/A,N/A,SAE CCS DC fast charge connector,96 month/100000 miles,1GYC3KMLXTZ701403,2026,102 kWh,https://ev.com/vehicle/avyhpi,2026CadillacVISTIQLuxury,"$61,390"
Cadillac,300 mi,Coming Soon,5 mi,615 HP,Up to 7,N/A,N/A,SAE CCS DC fast charge connector,96 month/100000 miles,1GYC3KML0TZ701443,2026,102 kWh,https://ev.com/vehicle/54tkcm,2026CadillacVISTIQLuxury,"$61,390"
Cadillac,300 mi,Coming Soon,5 mi,615 HP,Up to 7,N/A,N/A,SAE CCS DC fast charge connector,96 month/100000 miles,1GYC3KML1TZ701449,2026,102 kWh,https://ev.com/vehicle/4iu9j6,2026CadillacVISTIQLuxury,"$61,390"
Cadillac,300 mi,Coming Soon,5 mi,615 HP,Up to 7,N/A,N/A,SAE CCS DC fast charge connector,96 month/100000 miles,1GYC3KML8TZ701450,2026,102 kWh,https://ev.com/vehicle/f96k5p,2026CadillacVISTIQLuxury,"$61,390"
Cadillac,300 mi,Coming Soon,5 mi,615 HP,Up to 7,N/A,N/A,SAE CCS DC fast charge connector,96 month/100000 miles,1GYC3KMLXTZ701448,2026,102 kWh,https://ev.com/vehicle/11pm4e,2026CadillacVISTIQLuxury,"$61,390"
Cadillac,300 mi,Coming Soon,4 mi,615 HP,Up to 7,N/A,N/A,SAE CCS DC fast charge connector,96 month/100000 miles,1GYC3NML9TZ701541,2026,102 kWh,https://ev.com/vehicle/02tbdt,2026CadillacVISTIQSport,"$63,290"
Cadillac,300 mi,Coming Soon,3 mi,615 HP,Up to 7,N/A,N/A,SAE CCS DC fast charge connector,96 month/100000 miles,1GYC3NML8TZ701692,2026,102 kWh,https://ev.com/vehicle/s6q875,2026CadillacVISTIQSport,"$62,690"
Cadillac,300 mi,Coming Soon,4 mi,615 HP,Up to 7,N/A,N/A,SAE CCS DC fast charge connector,96 month/100000 miles,1GYC3NML2TZ701753,2026,102 kWh,https://ev.com/vehicle/y17yhc,2026CadillacVISTIQSport,"$62,690"
Cadillac,300 mi,Coming Soon,N/A,615 HP,Up to 7,N/A,N/A,SAE CCS DC fast charge connector,96 month/100000 miles,1GYC3NML6TZ701786,2026,102 kWh,https://ev.com/vehicle/wv1fuk,2026CadillacVISTIQSport,"$62,690"
Cadillac,300 mi,Coming Soon,4 mi,615 HP,Up to 7,N/A,N/A,SAE CCS DC fast charge connector,96 month/100000 miles,1GYC3NML5TZ701746,2026,102 kWh,https://ev.com/vehicle/iawagz,2026CadillacVISTIQSport,"$62,690"
Cadillac,300 mi,Coming Soon,6 mi,615 HP,Up to 7,N/A,N/A,SAE CCS DC fast charge connector,96 month/100000 miles,1GYC3NML8TZ701756,2026,102 kWh,https://ev.com/vehicle/irgdif,2026CadillacVISTIQSport,"$62,690"
Cadillac,300 mi,Coming Soon,4 mi,615 HP,Up to 7,N/A,N/A,SAE CCS DC fast charge connector,96 month/100000 miles,1GYC3NML3TZ701941,2026,102 kWh,https://ev.com/vehicle/x3674k,2026CadillacVISTIQSport,"$62,690"
Cadillac,300 mi,Coming Soon,4 mi,615 HP,Up to 7,N/A,N/A,SAE CCS DC fast charge connector,96 month/100000 miles,1GYC3NML7TZ701991,2026,102 kWh,https://ev.com/vehicle/bvzx3u,2026CadillacVISTIQSport,"$62,065"
Cadillac,314 mi,32 minutes,9 mi,515 HP,Up to 5,Blue,Noir With Santorini Blue Accents,SAE CCS DC fast charge connector,96 month/100000 miles,1GYKPWRL0SZ311425,2025,102 kWh,https://ev.com/vehicle/77e3t5,2025CadillacLYRIQSport w/1SJ,"$53,490"
Cadillac,307 mi,32 minutes,13 mi,515 HP,Up to 5,Black,Noir With Santorini Blue Accents,SAE CCS DC fast charge connector,96 month/100000 miles,1GYKPYRL7SZ311725,2025,102 kWh,https://ev.com/vehicle/u75bvi,2025CadillacLYRIQSport w/1SK,"$54,690"
Cadillac,314 mi,32 minutes,"15,850 mi",340 HP,Up to 5,Argent Silver Metallic,Sky Cool Gray with Santorini Blue accents,SAE CCS DC fast charge connector,96 month/100000 miles,1GYKPRRK4RZ113482,2024,102 kWh,https://ev.com/vehicle/ahwtwn,2024CadillacLYRIQLuxury w/1SD,"$39,163"
Cadillac,314 mi,32 minutes,"4,990 mi",340 HP,Up to 5,Green,Noir With Santorini Blue Accents,SAE CCS DC fast charge connector,96 month/100000 miles,1GYKPPRK6RZ104352,2024,102 kWh,https://ev.com/vehicle/sw7y20,2024CadillacLYRIQLuxury w/1SC,"$45,170"
Cadillac,314 mi,32 minutes,"1,432 mi",340 HP,Up to 5,Silver,Sky Gray With Santorini Blue Accents,SAE CCS DC fast charge connector,96 month/100000 miles,1GYKPPRK9RZ128712,2024,102 kWh,https://ev.com/vehicle/ah3uyz,2024CadillacLYRIQLuxury w/1SC,"$48,004"
Cadillac,307 mi,32 minutes,"3,306 mi",340 HP,Up to 5,Argent Silver Metallic,Noir with Santorini Blue accents,SAE CCS DC fast charge connector,96 month/100000 miles,1GYKPVRLXRZ127050,2024,102 kWh,https://ev.com/vehicle/ad9tnl,2024CadillacLYRIQSport w/1SJ,"$48,676"
Cadillac,314 mi,32 minutes,"4,290 mi",340 HP,Up to 5,Crystal White Tricoat,Noir with Santorini Blue accents,SAE CCS DC fast charge connector,96 month/100000 miles,1GYKPWRK1RZ124244,2024,102 kWh,https://ev.com/vehicle/nu93a4,2024CadillacLYRIQSport w/1SK,"$47,871"
Cadillac,314 mi,32 minutes,"1,999 mi",340 HP,Up to 5,Crystal White Tricoat,Noir with Santorini Blue accents,SAE CCS DC fast charge connector,96 month/100000 miles,1GYKPVRKXRZ124611,2024,102 kWh,https://ev.com/vehicle/h4hr6q,2024CadillacLYRIQSport w/1SJ,"$50,029"
Cadillac,307 mi,32 minutes,5 mi,515 HP,Up to 5,Radiant Red Tintcoat,Noir with Santorini Blue accents,SAE CCS DC fast charge connector,96 month/100000 miles,1GYKPTRL0SZ311908,2025,102 kWh,https://ev.com/vehicle/nbknib,2025CadillacLYRIQLuxury w/1SE,"$62,860"
Cadillac,314 mi,32 minutes,"3,799 mi",340 HP,Up to 5,Red,Noir With Santorini Blue Accents,SAE CCS DC fast charge connector,96 month/100000 miles,1GYKPWRK3RZ132894,2024,102 kWh,https://ev.com/vehicle/3r1ey6,2024CadillacLYRIQSport w/1SK,"$48,675"
Cadillac,300 mi,Coming Soon,23 mi,300 HP,Up to 5,Silver,Noir,SAE CCS DC fast charge connector,96 month/100000 miles,3GYK3DMR5SS201964,2025,N/A,https://ev.com/vehicle/3n2di2,2025CadillacOPTIQLuxury,"$42,035"
Cadillac,300 mi,Coming Soon,15 mi,300 HP,Up to 5,White,Sky Gray With Santorini Blue Accents,SAE CCS DC fast charge connector,96 month/100000 miles,3GYK3BMR5SS212628,2025,N/A,https://ev.com/vehicle/4tml19,2025CadillacOPTIQLuxury 1 AWD,"$37,290"
Cadillac,300 mi,Coming Soon,9 mi,615 HP,Up to 7,Black,Sheer Gray,SAE CCS DC fast charge connector,96 month/100000 miles,1GYC3KML7TZ700581,2026,102 kWh,https://ev.com/vehicle/495j2l,2026CadillacVISTIQLuxury,"$61,890"
Cadillac,300 mi,Coming Soon,11 mi,615 HP,Up to 7,Black,Jet Black,SAE CCS DC fast charge connector,96 month/100000 miles,1GYC3KML5TZ700613,2026,102 kWh,https://ev.com/vehicle/r8zgpr,2026CadillacVISTIQLuxury,"$61,890"
Cadillac,300 mi,Coming Soon,5 mi,615 HP,Up to 7,Stellar Black Metallic,Sheer Gray,SAE CCS DC fast charge connector,96 month/100000 miles,1GYC3NML8TZ701143,2026,102 kWh,https://ev.com/vehicle/9zb60r,2026CadillacVISTIQSport,"$62,390"
Cadillac,450 mi,Coming Soon,2 mi,680 HP,Up to 7,White,Noir W/Santorini,SAE CCS DC fast charge connector,96 month/100000 miles,1GYTEEKL8SU107256,2025,246 kWh,https://ev.com/vehicle/mxhj2z,2025CadillacEscalade IQSport 1 AWD,"$119,665"
Cadillac,450 mi,Coming Soon,4 mi,680 HP,Up to 7,Deep Space Metallic,Backen Black with Santorini Accents,SAE CCS DC fast charge connector,96 month/100000 miles,1GYTECKL1SU107765,2025,246 kWh,https://ev.com/vehicle/scxemx,2025CadillacEscalade IQLuxury 1 AWD,"$122,040"
Cadillac,314 mi,32 minutes,6 mi,515 HP,Up to 5,White,Noir With Santorini Blue Accents,SAE CCS DC fast charge connector,96 month/100000 miles,1GYKPRRK0SZ312003,2025,102 kWh,https://ev.com/vehicle/w9a2zm,2025CadillacLYRIQLuxury w/1SD,"$49,970"
Cadillac,314 mi,32 minutes,11 mi,365 HP,Up to 5,White,Noir With Santorini Blue Accents,SAE CCS DC fast charge connector,96 month/100000 miles,1GYKPNRK9SZ310114,2025,102 kWh,https://ev.com/vehicle/y1xyo9,2025CadillacLYRIQLuxury w/1SC,"$45,055"
Cadillac,314 mi,32 minutes,5 mi,365 HP,Up to 5,Silver,Noir With Santorini Blue Accents,SAE CCS DC fast charge connector,96 month/100000 miles,1GYKPNRKXSZ312387,2025,102 kWh,https://ev.com/vehicle/3hi134,2025CadillacLYRIQLuxury w/1SC,"$42,365"
Cadillac,314 mi,32 minutes,59 mi,365 HP,Up to 5,Silver,Noir With Santorini Blue Accents,SAE CCS DC fast charge connector,96 month/100000 miles,1GYKPURL2SZ311298,2025,102 kWh,https://ev.com/vehicle/r6p412,2025CadillacLYRIQSport w/1SF,"$45,665"
Cadillac,314 mi,32 minutes,"2,718 mi",340 HP,Up to 5,Silver,Sky Gray With Santorini Blue Accents,SAE CCS DC fast charge connector,96 month/100000 miles,1GYKPPRK4RZ105063,2024,102 kWh,https://ev.com/vehicle/l2f1lg,2024CadillacLYRIQLuxury w/1SC,"$45,735"
Cadillac,314 mi,32 minutes,"4,102 mi",365 HP,Up to 5,Black,Noir,SAE CCS DC fast charge connector,96 month/100000 miles,1GYKPNRKXSZ305052,2025,102 kWh,https://ev.com/vehicle/zexp27,2025CadillacLYRIQLuxury w/1SC,"$46,170"
Cadillac,314 mi,32 minutes,"6,360 mi",340 HP,Up to 5,Argent Silver Metallic,Noir with Santorini Blue accents,SAE CCS DC fast charge connector,96 month/100000 miles,1GYKPWRK4RZ123752,2024,102 kWh,https://ev.com/vehicle/j3usys,2024CadillacLYRIQSport w/1SK,"$42,542"
Cadillac,307 mi,32 minutes,"5,422 mi",340 HP,Up to 5,Stellar Black Metallic,Oxford Stone with Garnet accents,SAE CCS DC fast charge connector,96 month/100000 miles,1GYKPWRLXRZ122257,2024,102 kWh,https://ev.com/vehicle/qe572k,2024CadillacLYRIQSport w/1SK,"$54,443"
Cadillac,307 mi,32 minutes,"5,081 mi",340 HP,Up to 5,Red,Noir With Santorini Blue Accents,SAE CCS DC fast charge connector,96 month/100000 miles,1GYKPWRL5RZ129276,2024,102 kWh,https://ev.com/vehicle/d07p07,2024CadillacLYRIQSport w/1SK,"$53,570"
Cadillac,300 mi,Coming Soon,15 mi,300 HP,Up to 5,Silver,Noir,SAE CCS DC fast charge connector,96 month/100000 miles,3GYK3BMR7SS206815,2025,N/A,https://ev.com/vehicle/49swao,2025CadillacOPTIQLuxury,"$36,690"
Cadillac,300 mi,Coming Soon,5 mi,300 HP,Up to 5,Black Raven,Noir,SAE CCS DC fast charge connector,96 month/100000 miles,3GYK3GMR6SS207130,2025,N/A,https://ev.com/vehicle/p03owd,2025CadillacOPTIQSport,"$50,095"
Cadillac,300 mi,Coming Soon,5 mi,300 HP,Up to 5,Black Raven,Noir,SAE CCS DC fast charge connector,96 month/100000 miles,3GYK3BMR5SS211964,2025,N/A,https://ev.com/vehicle/6bahnw,2025CadillacOPTIQLuxury 1 AWD,"$36,440"
Cadillac,300 mi,Coming Soon,10 mi,615 HP,Up to 7,Black,Jet Black,SAE CCS DC fast charge connector,96 month/100000 miles,1GYC3KML6TZ700359,2026,102 kWh,https://ev.com/vehicle/ks4848,2026CadillacVISTIQLuxury,"$61,914"
Cadillac,300 mi,Coming Soon,8 mi,615 HP,Up to 7,Black,Jet Black,SAE CCS DC fast charge connector,96 month/100000 miles,1GYC3NML7TZ700842,2026,102 kWh,https://ev.com/vehicle/iqb99d,2026CadillacVISTIQSport,"$65,179"
Cadillac,450 mi,Coming Soon,15 mi,680 HP,Up to 7,Black,Harbor Blue With Backen Black Accents,SAE CCS DC fast charge connector,96 month/100000 miles,1GYTEDKLXSU103543,2025,204 kWh,https://ev.com/vehicle/cggs7w,2025CadillacEscalade IQLuxury 2,"$143,810"
Cadillac,450 mi,Coming Soon,339 mi,680 HP,Up to 7,Black,Camelia With Backen Black Accents,SAE CCS DC fast charge connector,96 month/100000 miles,1GYTEFKL2SU103841,2025,204 kWh,https://ev.com/vehicle/nxdtf5,2025CadillacEscalade IQSport 2,"$139,665"
Cadillac,450 mi,Coming Soon,67 mi,680 HP,Up to 7,Silver,Backen Black With Santorini Accents,SAE CCS DC fast charge connector,96 month/100000 miles,1GYTEEKL0SU101595,2025,204 kWh,https://ev.com/vehicle/18gyk7,2025CadillacEscalade IQSport 1,"$121,855"
Cadillac,450 mi,Coming Soon,60 mi,680 HP,Up to 7,Black,Harbor Blue With Backen Black Accents,SAE CCS DC fast charge connector,96 month/100000 miles,1GYTEFKL4SU103839,2025,204 kWh,https://ev.com/vehicle/qjlfpl,2025CadillacEscalade IQSport 2,"$141,230"
Cadillac,450 mi,Coming Soon,51 mi,680 HP,Up to 7,Silver,Harbor Blue With Backen Black Accents,SAE CCS DC fast charge connector,96 month/100000 miles,1GYTEFKL6SU101767,2025,204 kWh,https://ev.com/vehicle/9yug8w,2025CadillacEscalade IQSport 2,"$144,399"
Cadillac,450 mi,Coming Soon,65 mi,680 HP,Up to 7,White,Camelia With Backen Black Accents,SAE CCS DC fast charge connector,96 month/100000 miles,1GYTEFKL8SU101740,2025,204 kWh,https://ev.com/vehicle/757qy9,2025CadillacEscalade IQSport 2,"$142,629"
Cadillac,450 mi,Coming Soon,97 mi,680 HP,Up to 7,Black,Harbor Blue With Backen Black Accents,SAE CCS DC fast charge connector,96 month/100000 miles,1GYTEFKL8SU101804,2025,204 kWh,https://ev.com/vehicle/41shcd,2025CadillacEscalade IQSport 2,"$142,674"
Cadillac,450 mi,Coming Soon,6 mi,680 HP,Up to 7,Black,Backen Black With Santorini Accents,SAE CCS DC fast charge connector,96 month/100000 miles,1GYTECKL1SU106258,2025,204 kWh,https://ev.com/vehicle/54yocj,2025CadillacEscalade IQLuxury 1,"$127,595"
Cadillac,450 mi,Coming Soon,6 mi,680 HP,Up to 7,Silver,Harbor Blue With Backen Black Accents,SAE CCS DC fast charge connector,96 month/100000 miles,1GYTEDKL4SU106602,2025,246 kWh,https://ev.com/vehicle/0p8t1f,2025CadillacEscalade IQLuxury 2,"$143,785"
Cadillac,450 mi,Coming Soon,15 mi,680 HP,Up to 7,White,Camelia With Backen Black Accents,SAE CCS DC fast charge connector,96 month/100000 miles,1GYTEFKL0SU104955,2025,204 kWh,https://ev.com/vehicle/u45yvg,2025CadillacEscalade IQSport 2,"$136,380"
Cadillac,450 mi,Coming Soon,9 mi,680 HP,Up to 7,Black,Backen Black With Santorini Accents,SAE CCS DC fast charge connector,96 month/100000 miles,1GYTECKL1SU106471,2025,246 kWh,https://ev.com/vehicle/16uim5,2025CadillacEscalade IQLuxury 1,"$127,595"
Cadillac,450 mi,Coming Soon,15 mi,680 HP,Up to 7,Silver,Camelia With Backen Black Accents,SAE CCS DC fast charge connector,96 month/100000 miles,1GYTEDKL4SU106583,2025,246 kWh,https://ev.com/vehicle/2sbwq2,2025CadillacEscalade IQLuxury 2,"$139,185"
Cadillac,450 mi,Coming Soon,15 mi,680 HP,Up to 7,Red,Sheer Gray With Dark Medium Cinder Accents,SAE CCS DC fast charge connector,96 month/100000 miles,1GYTECKL8SU107231,2025,246 kWh,https://ev.com/vehicle/usounx,2025CadillacEscalade IQLuxury 1,"$127,255"
Cadillac,450 mi,Coming Soon,9 mi,680 HP,Up to 7,Black,Sheer Gray With Dark Medium Cinder Accents,SAE CCS DC fast charge connector,96 month/100000 miles,1GYTEEKL8SU107421,2025,246 kWh,https://ev.com/vehicle/oxzat7,2025CadillacEscalade IQSport 1,"$125,845"
Cadillac,450 mi,Coming Soon,19 mi,680 HP,Up to 7,Black,Backen Black With Santorini Accents,SAE CCS DC fast charge connector,96 month/100000 miles,1GYTEEKL4SU107416,2025,246 kWh,https://ev.com/vehicle/dyeya2,2025CadillacEscalade IQSport 1 AWD,"$124,280"
Cadillac,450 mi,Coming Soon,9 mi,680 HP,Up to 7,White,Sheer Gray With Dark Medium Cinder Accents,SAE CCS DC fast charge connector,96 month/100000 miles,1GYTEEKL5SU107229,2025,246 kWh,https://ev.com/vehicle/zn8683,2025CadillacEscalade IQSport 1 AWD,"$124,280"
Cadillac,450 mi,Coming Soon,9 mi,680 HP,Up to 7,Black,Backen Black With Santorini Accents,SAE CCS DC fast charge connector,96 month/100000 miles,1GYTEEKL5SU107750,2025,246 kWh,https://ev.com/vehicle/wkyvq6,2025CadillacEscalade IQSport 1 AWD,"$122,285"
Cadillac,450 mi,Coming Soon,9 mi,680 HP,Up to 7,Black,Backen Black With Santorini Accents,SAE CCS DC fast charge connector,96 month/100000 miles,1GYTEEKL6SU107417,2025,246 kWh,https://ev.com/vehicle/zlxm90,2025CadillacEscalade IQSport 1 AWD,"$124,280"
Cadillac,450 mi,Coming Soon,6 mi,680 HP,Up to 7,Black,Backen Black With Santorini Accents,SAE CCS DC fast charge connector,96 month/100000 miles,1GYTECKL4SU105895,2025,204 kWh,https://ev.com/vehicle/bsx9u2,2025CadillacEscalade IQLuxury 1,"$122,594"
Cadillac,450 mi,Coming Soon,19 mi,680 HP,Up to 7,Black,Harbor Blue With Backen Black Accents,SAE CCS DC fast charge connector,96 month/100000 miles,1GYTEDKL1SU100515,2025,204 kWh,https://ev.com/vehicle/aa7l2j,2025CadillacEscalade IQLuxury 2,"$136,160"
Cadillac,450 mi,Coming Soon,5 mi,680 HP,Up to 7,White,Harbor Blue With Backen Black Accents,SAE CCS DC fast charge connector,96 month/100000 miles,1GYTEFKL0SU102591,2025,204 kWh,https://ev.com/vehicle/t2aqli,2025CadillacEscalade IQSport 2,"$136,660"
Cadillac,450 mi,Coming Soon,50 mi,680 HP,Up to 7,Flare Metallic,Camelia with Backen Black accents,SAE CCS DC fast charge connector,96 month/100000 miles,1GYTEDKL2SU101379,2025,246 kWh,https://ev.com/vehicle/0ekb5g,2025CadillacEscalade IQLuxury 2,"$141,114"
Cadillac,450 mi,Coming Soon,5 mi,680 HP,Up to 7,Black Raven,Harbor Blue with Backen Black accents,SAE CCS DC fast charge connector,96 month/100000 miles,1GYTEFKL3SU100043,2025,246 kWh,https://ev.com/vehicle/f6gou2,2025CadillacEscalade IQSport 2,"$143,225"
Cadillac,450 mi,Coming Soon,5 mi,680 HP,Up to 7,Flare Metallic,Camelia with Backen Black accents,SAE CCS DC fast charge connector,96 month/100000 miles,1GYTEFKL7SU102135,2025,246 kWh,https://ev.com/vehicle/jwf7ss,2025CadillacEscalade IQSport 2,"$150,885"
Cadillac,450 mi,Coming Soon,5 mi,680 HP,Up to 7,Black Raven,Harbor Blue with Backen Black accents,SAE CCS DC fast charge connector,96 month/100000 miles,1GYTEDKL8SU101032,2025,246 kWh,https://ev.com/vehicle/rdfgo4,2025CadillacEscalade IQLuxury 2,"$148,660"
Cadillac,450 mi,Coming Soon,5 mi,680 HP,Up to 7,Summit White,Harbor Blue with Backen Black accents,SAE CCS DC fast charge connector,96 month/100000 miles,1GYTEDKLXSU106801,2025,246 kWh,https://ev.com/vehicle/xf36h7,2025CadillacEscalade IQLuxury 2,"$148,660"
Cadillac,450 mi,Coming Soon,5 mi,680 HP,Up to 7,Black Raven,Camelia with Backen Black accents,SAE CCS DC fast charge connector,96 month/100000 miles,1GYTEFKL6SU100456,2025,246 kWh,https://ev.com/vehicle/gx8q1r,2025CadillacEscalade IQSport 2 AWD,"$141,660"
Cadillac,450 mi,Coming Soon,5 mi,680 HP,Up to 7,Summit White,Harbor Blue with Backen Black accents,SAE CCS DC fast charge connector,96 month/100000 miles,1GYTEFKL6SU107259,2025,246 kWh,https://ev.com/vehicle/m7shol,2025CadillacEscalade IQSport 2 AWD,"$150,725"
Cadillac,450 mi,Coming Soon,5 mi,680 HP,Up to 7,Black Raven,Backen Black with Santorini Accents,SAE CCS DC fast charge connector,96 month/100000 miles,1GYTEEKL8SU107676,2025,246 kWh,https://ev.com/vehicle/2wl90s,2025CadillacEscalade IQSport 1 AWD,"$124,280"
Cadillac,450 mi,Coming Soon,6 mi,680 HP,Up to 7,Black Raven,Backen Black with Santorini Accents,SAE CCS DC fast charge connector,96 month/100000 miles,1GYTEEKL7SU106440,2025,204 kWh,https://ev.com/vehicle/2xt325,2025CadillacEscalade IQSport 1,"$119,665"
Cadillac,450 mi,Coming Soon,15 mi,680 HP,Up to 7,Summit White,Backen Black with Santorini Accents,SAE CCS DC fast charge connector,96 month/100000 miles,1GYTECKL7SU106880,2025,246 kWh,https://ev.com/vehicle/x2e6su,2025CadillacEscalade IQLuxury 1 AWD,"$121,415"
Cadillac,314 mi,32 minutes,164 mi,340 HP,Up to 5,White,Noir With Santorini Blue Accents,SAE CCS DC fast charge connector,96 month/100000 miles,1GYKPRRK6RZ128288,2024,102 kWh,https://ev.com/vehicle/1f6spg,2024CadillacLYRIQLuxury w/1SD,"$55,215"
Cadillac,314 mi,32 minutes,49 mi,340 HP,Up to 5,Black,Noir With Santorini Blue Accents,SAE CCS DC fast charge connector,96 month/100000 miles,1GYKPVRK4RZ125642,2024,102 kWh,https://ev.com/vehicle/l6pjxf,2024CadillacLYRIQSport w/1SJ,"$53,266"
Cadillac,314 mi,32 minutes,5 mi,340 HP,Up to 5,Black,Noir With Santorini Blue Accents,SAE CCS DC fast charge connector,96 month/100000 miles,1GYKPRRK1RZ135553,2024,102 kWh,https://ev.com/vehicle/52xc0b,2024CadillacLYRIQLuxury w/1SD,"$52,455"
Cadillac,314 mi,32 minutes,83 mi,365 HP,Up to 5,Silver,Noir With Santorini Blue Accents,SAE CCS DC fast charge connector,96 month/100000 miles,1GYKPURK9SZ305912,2025,102 kWh,https://ev.com/vehicle/82143t,2025CadillacLYRIQSport w/1SF,"$42,165"
Cadillac,314 mi,32 minutes,18 mi,365 HP,Up to 5,Silver,Noir With Santorini Blue Accents,SAE CCS DC fast charge connector,96 month/100000 miles,1GYKPNRK8SZ310069,2025,102 kWh,https://ev.com/vehicle/uoyrpj,2025CadillacLYRIQLuxury w/1SC,"$42,265"
Cadillac,314 mi,32 minutes,20 mi,365 HP,Up to 5,Silver,Noir With Santorini Blue Accents,SAE CCS DC fast charge connector,96 month/100000 miles,1GYKPURK5SZ302893,2025,102 kWh,https://ev.com/vehicle/xf9vfc,2025CadillacLYRIQSport w/1SF,"$38,165"
Cadillac,307 mi,32 minutes,14 mi,365 HP,Up to 5,Black,Sky Gray With Santorini Blue Accents,SAE CCS DC fast charge connector,96 month/100000 miles,1GYKPURL6SZ303141,2025,102 kWh,https://ev.com/vehicle/ql43y2,2025CadillacLYRIQSport w/1SF,"$46,290"
Cadillac,314 mi,32 minutes,15 mi,365 HP,Up to 5,Black,Sky Gray With Santorini Blue Accents,SAE CCS DC fast charge connector,96 month/100000 miles,1GYKPRRK8SZ304232,2025,102 kWh,https://ev.com/vehicle/mcqor1,2025CadillacLYRIQLuxury w/1SD,"$44,855"
Cadillac,314 mi,32 minutes,11 mi,365 HP,Up to 5,Black,Noir With Santorini Blue Accents,SAE CCS DC fast charge connector,96 month/100000 miles,1GYKPNRK4SZ306388,2025,102 kWh,https://ev.com/vehicle/c0or4k,2025CadillacLYRIQLuxury w/1SC,"$38,290"
Cadillac,314 mi,32 minutes,11 mi,365 HP,Up to 5,Black,Noir With Santorini Blue Accents,SAE CCS DC fast charge connector,96 month/100000 miles,1GYKPRRL3SZ306821,2025,102 kWh,https://ev.com/vehicle/p4ktv8,2025CadillacLYRIQLuxury w/1SD,"$46,790"
Cadillac,314 mi,32 minutes,15 mi,365 HP,Up to 5,Black,Noir With Santorini Blue Accents,SAE CCS DC fast charge connector,96 month/100000 miles,1GYKPNRL1SZ310729,2025,102 kWh,https://ev.com/vehicle/p9iasd,2025CadillacLYRIQLuxury w/1SC,"$43,355"
Cadillac,314 mi,32 minutes,15 mi,365 HP,Up to 5,Silver,Noir With Santorini Blue Accents,SAE CCS DC fast charge connector,96 month/100000 miles,1GYKPNRL4SZ310059,2025,102 kWh,https://ev.com/vehicle/kd6xbp,2025CadillacLYRIQLuxury w/1SC,"$41,165"
Cadillac,314 mi,32 minutes,15 mi,515 HP,Up to 5,Black,Noir With Santorini Blue Accents,SAE CCS DC fast charge connector,96 month/100000 miles,1GYKPRRL0SZ310180,2025,102 kWh,https://ev.com/vehicle/ylx8qr,2025CadillacLYRIQLuxury w/1SD,"$46,790"
Cadillac,314 mi,32 minutes,15 mi,515 HP,Up to 5,White,Noir With Santorini Blue Accents,SAE CCS DC fast charge connector,96 month/100000 miles,1GYKPRRL0SZ310972,2025,102 kWh,https://ev.com/vehicle/1hrii2,2025CadillacLYRIQLuxury w/1SD,"$48,955"
Cadillac,314 mi,32 minutes,18 mi,515 HP,Up to 5,Silver,Noir With Santorini Blue Accents,SAE CCS DC fast charge connector,96 month/100000 miles,1GYKPRRL9SZ310159,2025,102 kWh,https://ev.com/vehicle/9ibx9b,2025CadillacLYRIQLuxury w/1SD,"$46,165"
Cadillac,314 mi,32 minutes,19 mi,515 HP,Up to 5,Black,Noir With Santorini Blue Accents,SAE CCS DC fast charge connector,96 month/100000 miles,1GYKPRRLXSZ310574,2025,102 kWh,https://ev.com/vehicle/qigdt9,2025CadillacLYRIQLuxury w/1SD,"$48,355"
Cadillac,314 mi,32 minutes,15 mi,365 HP,Up to 5,Black,Noir With Santorini Blue Accents,SAE CCS DC fast charge connector,96 month/100000 miles,1GYKPURL7SZ310986,2025,102 kWh,https://ev.com/vehicle/zoidgv,2025CadillacLYRIQSport w/1SF,"$42,290"
Cadillac,314 mi,32 minutes,15 mi,515 HP,Up to 5,Black,Noir With Santorini Blue Accents,SAE CCS DC fast charge connector,96 month/100000 miles,1GYKPWRL6SZ309954,2025,102 kWh,https://ev.com/vehicle/lyeeg2,2025CadillacLYRIQSport w/1SJ,"$47,290"
Cadillac,314 mi,32 minutes,9 mi,515 HP,Up to 5,Black,Sky Gray With Santorini Blue Accents,SAE CCS DC fast charge connector,96 month/100000 miles,1GYKPWRL7SZ310644,2025,102 kWh,https://ev.com/vehicle/cu2q10,2025CadillacLYRIQSport w/1SJ,"$48,855"
Cadillac,314 mi,32 minutes,15 mi,515 HP,Up to 5,White,Noir With Santorini Blue Accents,SAE CCS DC fast charge connector,96 month/100000 miles,1GYKPWRL0SZ311053,2025,102 kWh,https://ev.com/vehicle/knymv9,2025CadillacLYRIQSport w/1SJ,"$47,890"
Cadillac,314 mi,32 minutes,17 mi,365 HP,Up to 5,White,Noir With Santorini Blue Accents,SAE CCS DC fast charge connector,96 month/100000 miles,1GYKPNRL3SZ311428,2025,102 kWh,https://ev.com/vehicle/vsaz8s,2025CadillacLYRIQLuxury w/1SC,"$42,390"
Cadillac,314 mi,32 minutes,17 mi,365 HP,Up to 5,Silver,Noir With Santorini Blue Accents,SAE CCS DC fast charge connector,96 month/100000 miles,1GYKPURL0SZ311297,2025,102 kWh,https://ev.com/vehicle/v23p6j,2025CadillacLYRIQSport w/1SF,"$41,665"
Cadillac,314 mi,32 minutes,18 mi,365 HP,Up to 5,White,Noir With Santorini Blue Accents,SAE CCS DC fast charge connector,96 month/100000 miles,1GYKPURL3SZ311536,2025,102 kWh,https://ev.com/vehicle/7oxhpo,2025CadillacLYRIQSport w/1SF,"$42,890"
Cadillac,314 mi,32 minutes,11 mi,365 HP,Up to 5,White,Noir With Santorini Blue Accents,SAE CCS DC fast charge connector,96 month/100000 miles,1GYKPNRK5SZ309140,2025,102 kWh,https://ev.com/vehicle/4ztl7f,2025CadillacLYRIQLuxury w/1SC,"$41,409"
Cadillac,314 mi,32 minutes,16 mi,365 HP,Up to 5,Silver,Sky Gray With Santorini Blue Accents,SAE CCS DC fast charge connector,96 month/100000 miles,1GYKPURL6SZ303138,2025,102 kWh,https://ev.com/vehicle/prmy6c,2025CadillacLYRIQSport w/1SF,"$46,265"
Cadillac,314 mi,32 minutes,9 mi,365 HP,Up to 5,Silver,Sky Gray With Santorini Blue Accents,SAE CCS DC fast charge connector,96 month/100000 miles,1GYKPNRK8SZ307172,2025,102 kWh,https://ev.com/vehicle/mwi9xz,2025CadillacLYRIQLuxury w/1SC,"$37,665"
Cadillac,307 mi,32 minutes,5 mi,515 HP,Up to 5,Radiant Red Tintcoat,Noir with Santorini Blue accents,SAE CCS DC fast charge connector,96 month/100000 miles,1GYKPTRL6SZ309600,2025,102 kWh,https://ev.com/vehicle/rvn1m8,2025CadillacLYRIQLuxury w/1SE,"$62,860"
Cadillac,307 mi,32 minutes,5 mi,515 HP,Up to 5,Radiant Red Tintcoat,Noir with Santorini Blue accents,SAE CCS DC fast charge connector,96 month/100000 miles,1GYKPTRL2SZ311019,2025,102 kWh,https://ev.com/vehicle/4kqzaj,2025CadillacLYRIQLuxury w/1SE,"$62,860"
Cadillac,314 mi,32 minutes,85 mi,365 HP,Up to 5,Argent Silver Metallic,Sky Cool Gray with Santorini Blue accents,SAE CCS DC fast charge connector,96 month/100000 miles,1GYKPNRL7SZ301713,2025,102 kWh,https://ev.com/vehicle/nj03h4,2025CadillacLYRIQLuxury w/1SC,"$46,665"
Cadillac,314 mi,32 minutes,7 mi,365 HP,Up to 5,Crystal White Tricoat,Noir with Santorini Blue accents,SAE CCS DC fast charge connector,96 month/100000 miles,1GYKPURL8SZ309118,2025,102 kWh,https://ev.com/vehicle/m81dh1,2025CadillacLYRIQSport w/1SF,"$46,890"
Cadillac,314 mi,32 minutes,10 mi,365 HP,Up to 5,Crystal White Tricoat,Noir with Santorini Blue accents,SAE CCS DC fast charge connector,96 month/100000 miles,1GYKPNRK5SZ310997,2025,102 kWh,https://ev.com/vehicle/ziyxzd,2025CadillacLYRIQLuxury w/1SC,"$42,890"
Cadillac,314 mi,32 minutes,5 mi,365 HP,Up to 5,Stellar Black Metallic,Noir with Santorini Blue accents,SAE CCS DC fast charge connector,96 month/100000 miles,1GYKPURL2SZ310409,2025,102 kWh,https://ev.com/vehicle/of0w1o,2025CadillacLYRIQSport w/1SF,"$46,290"
Cadillac,300 mi,Coming Soon,50 mi,300 HP,Up to 5,Black,Noir,SAE CCS DC fast charge connector,96 month/100000 miles,3GYK3GMR1SS151047,2025,N/A,https://ev.com/vehicle/z9pm76,2025CadillacOPTIQSport,"$44,095"
Cadillac,300 mi,Coming Soon,40 mi,300 HP,Up to 5,Black,Noir,SAE CCS DC fast charge connector,96 month/100000 miles,3GYK3EMRXSS186058,2025,N/A,https://ev.com/vehicle/9mbony,2025CadillacOPTIQSport,"$39,369"
Cadillac,300 mi,Coming Soon,6 mi,300 HP,Up to 5,White,Noir,SAE CCS DC fast charge connector,96 month/100000 miles,3GYK3EMR3SS159073,2025,N/A,https://ev.com/vehicle/u596zp,2025CadillacOPTIQSport,"$43,805"
Cadillac,300 mi,Coming Soon,3 mi,300 HP,Up to 5,Silver,Sky Gray With Santorini Blue Accents,SAE CCS DC fast charge connector,96 month/100000 miles,3GYK3DMR1SS209625,2025,N/A,https://ev.com/vehicle/z4r7sj,2025CadillacOPTIQLuxury 2 AWD,"$42,565"
Cadillac,300 mi,Coming Soon,9 mi,300 HP,Up to 5,Black,Noir,SAE CCS DC fast charge connector,96 month/100000 miles,3GYK3BMR3SS145026,2025,N/A,https://ev.com/vehicle/u7wcnn,2025CadillacOPTIQLuxury,"$34,065"
Cadillac,300 mi,Coming Soon,21 mi,300 HP,Up to 5,Silver,Noir,SAE CCS DC fast charge connector,96 month/100000 miles,3GYK3DMR5SS150224,2025,N/A,https://ev.com/vehicle/4oyoth,2025CadillacOPTIQLuxury,"$39,155"
Cadillac,300 mi,Coming Soon,25 mi,300 HP,Up to 5,Black,Noir,SAE CCS DC fast charge connector,96 month/100000 miles,3GYK3EMR2SS162773,2025,N/A,https://ev.com/vehicle/u54y65,2025CadillacOPTIQSport,"$34,665"
Cadillac,300 mi,Coming Soon,15 mi,300 HP,Up to 5,Black,Noir,SAE CCS DC fast charge connector,96 month/100000 miles,3GYK3GMR8SS150235,2025,N/A,https://ev.com/vehicle/bwh2f6,2025CadillacOPTIQSport,"$39,465"
Cadillac,300 mi,Coming Soon,8 mi,300 HP,Up to 5,White,Sky Gray With Santorini Blue Accents,SAE CCS DC fast charge connector,96 month/100000 miles,3GYK3EMR4SS188940,2025,N/A,https://ev.com/vehicle/nnahkd,2025CadillacOPTIQSport,"$39,455"
Cadillac,300 mi,Coming Soon,18 mi,300 HP,Up to 5,Black,Noir,SAE CCS DC fast charge connector,96 month/100000 miles,3GYK3EMR3SS204609,2025,N/A,https://ev.com/vehicle/dp2a5z,2025CadillacOPTIQSport,"$34,665"
Cadillac,300 mi,Coming Soon,20 mi,300 HP,Up to 5,White,Noir,SAE CCS DC fast charge connector,96 month/100000 miles,3GYK3EMR4SS201752,2025,N/A,https://ev.com/vehicle/kgwjao,2025CadillacOPTIQSport,"$35,890"
Cadillac,300 mi,Coming Soon,5 mi,300 HP,Up to 5,Crystal White Tricoat,Noir,SAE CCS DC fast charge connector,96 month/100000 miles,3GYK3BMR0SS158039,2025,N/A,https://ev.com/vehicle/y7mimj,2025CadillacOPTIQLuxury,"$41,040"
Cadillac,300 mi,Coming Soon,5 mi,300 HP,Up to 5,Argent Silver Metallic,Noir,SAE CCS DC fast charge connector,96 month/100000 miles,3GYK3BMR3SS158066,2025,N/A,https://ev.com/vehicle/tjbkfb,2025CadillacOPTIQLuxury,"$42,250"
Cadillac,300 mi,Coming Soon,5 mi,300 HP,Up to 5,Black Raven,Noir,SAE CCS DC fast charge connector,96 month/100000 miles,3GYK3BMR6SS158093,2025,N/A,https://ev.com/vehicle/50evj2,2025CadillacOPTIQLuxury,"$39,815"
Cadillac,300 mi,Coming Soon,25 mi,300 HP,Up to 5,Crystal White Tricoat,Noir,SAE CCS DC fast charge connector,96 month/100000 miles,3GYK3GMR9SS170784,2025,N/A,https://ev.com/vehicle/46ocyc,2025CadillacOPTIQSport,"$42,270"
Cadillac,300 mi,Coming Soon,6 mi,300 HP,Up to 5,Argent Silver Metallic,Noir,SAE CCS DC fast charge connector,96 month/100000 miles,3GYK3GMR8SS198155,2025,N/A,https://ev.com/vehicle/up4eg9,2025CadillacOPTIQSport,"$41,670"
Cadillac,300 mi,Coming Soon,18 mi,615 HP,Up to 7,Black,Sheer Gray,SAE CCS DC fast charge connector,96 month/100000 miles,1GYC3KML1TZ700334,2026,102 kWh,https://ev.com/vehicle/l4q4ls,2026CadillacVISTIQLuxury,"$61,090"
Cadillac,300 mi,Coming Soon,18 mi,615 HP,Up to 7,Black,Jet Black,SAE CCS DC fast charge connector,96 month/100000 miles,1GYC3KML2TZ700360,2026,102 kWh,https://ev.com/vehicle/yiv86j,2026CadillacVISTIQLuxury,"$61,090"
Cadillac,450 mi,Coming Soon,"1,320 mi",680 HP,Up to 7,Silver,Camelia With Backen Black Accents,SAE CCS DC fast charge connector,96 month/100000 miles,1GYTEFKL4SU103842,2025,204 kWh,https://ev.com/vehicle/iyyu22,2025CadillacEscalade IQSport 2,"$136,056"
Cadillac,450 mi,Coming Soon,N/A,680 HP,Up to 7,White,Camelia With Backen Black Accents,SAE CCS DC fast charge connector,96 month/100000 miles,1GYTEDKL1SU105455,2025,246 kWh,https://ev.com/vehicle/nb5wgm,2025CadillacEscalade IQLuxury 2 AWD,"$141,160"
Cadillac,450 mi,Coming Soon,5 mi,680 HP,Up to 7,Summit White,Camelia with Backen Black accents,SAE CCS DC fast charge connector,96 month/100000 miles,1GYTEFKL4SU104635,2025,246 kWh,https://ev.com/vehicle/zt8inc,2025CadillacEscalade IQSport 2,"$140,765"
Cadillac,450 mi,Coming Soon,"1,958 mi",680 HP,Up to 7,Black Raven,Harbor Blue with Backen Black accents,SAE CCS DC fast charge connector,96 month/100000 miles,1GYTEFKL4SU100410,2025,204 kWh,https://ev.com/vehicle/570o1r,2025CadillacEscalade IQSport 2,"$141,660"
Cadillac,314 mi,32 minutes,"2,356 mi",340 HP,Up to 5,White,Sky Gray With Santorini Blue Accents,SAE CCS DC fast charge connector,96 month/100000 miles,1GYKPVRK0RZ121488,2024,102 kWh,https://ev.com/vehicle/g0atug,2024CadillacLYRIQSport w/1SJ,"$55,715"
Cadillac,314 mi,32 minutes,"34,506 mi",340 HP,Up to 5,Black,Noir,SAE CCS DC fast charge connector,96 month/100000 miles,1GYKPMRK7RZ101961,2024,102 kWh,https://ev.com/vehicle/ub5flw,2024CadillacLYRIQTech w/1SA,"$28,628"
Cadillac,314 mi,32 minutes,"28,365 mi",340 HP,Up to 5,Silver,Noir,SAE CCS DC fast charge connector,96 month/100000 miles,1GYKPRRL0RZ113326,2024,102 kWh,https://ev.com/vehicle/teuuzr,2024CadillacLYRIQLuxury w/1SD,"$40,126"
Cadillac,314 mi,32 minutes,N/A,365 HP,Up to 5,Red,Noir With Santorini Blu A,SAE CCS DC fast charge connector,96 month/100000 miles,1GYKPURK1SZ311154,2025,102 kWh,https://ev.com/vehicle/8mmpqx,2025CadillacLYRIQSport w/1SF,"$42,390"
Cadillac,300 mi,Coming Soon,N/A,615 HP,Up to 7,Red,Jet Blk Inteluxe Seats Wi,SAE CCS DC fast charge connector,96 month/100000 miles,1GYC3KML2TZ700441,2026,102 kWh,https://ev.com/vehicle/wnqwzy,2026CadillacVISTIQLuxury,"$64,055"
Cadillac,314 mi,32 minutes,N/A,515 HP,Up to 5,White,Noir With Santorini Blue Accents,SAE CCS DC fast charge connector,96 month/100000 miles,1GYKPWRK8SZ309249,2025,102 kWh,https://ev.com/vehicle/402ot9,2025CadillacLYRIQSport w/1SJ,"$50,909"
Cadillac,450 mi,Coming Soon,N/A,680 HP,Up to 7,White,Harbor Blu With Backen Bl,SAE CCS DC fast charge connector,96 month/100000 miles,1GYTEFKLXSU108513,2025,246 kWh,https://ev.com/vehicle/z1v5pi,2025CadillacEscalade IQSport 2 AWD,"$144,425"
Cadillac,314 mi,32 minutes,11 mi,365 HP,Up to 5,Silver,Noir W Santorini Blu,SAE CCS DC fast charge connector,96 month/100000 miles,1GYKPURL4SZ311366,2025,102 kWh,https://ev.com/vehicle/c49ump,2025CadillacLYRIQSport w/1SF,"$45,665"
Cadillac,300 mi,Coming Soon,11 mi,300 HP,Up to 5,Silver,Noir,SAE CCS DC fast charge connector,96 month/100000 miles,3GYK3GMR4SS172622,2025,N/A,https://ev.com/vehicle/fbsere,2025CadillacOPTIQSport,"$46,885"
Cadillac,300 mi,Coming Soon,N/A,300 HP,Up to 5,Silver,Noir Inteluxe Seats,SAE CCS DC fast charge connector,96 month/100000 miles,3GYK3EMR4SS213125,2025,N/A,https://ev.com/vehicle/9d13n5,2025CadillacOPTIQSport,"$37,290"
Cadillac,300 mi,Coming Soon,N/A,615 HP,Up to 7,Silver,Jet Blk Inteluxe Seats Wi,SAE CCS DC fast charge connector,96 month/100000 miles,1GYC3KML7TZ700600,2026,102 kWh,https://ev.com/vehicle/90j5lv,2026CadillacVISTIQLuxury,"$63,430"
Cadillac,450 mi,Coming Soon,N/A,680 HP,Up to 7,Black,Harbor Blue With Backen Black Accents,SAE CCS DC fast charge connector,96 month/100000 miles,1GYTEDKL5SU103546,2025,204 kWh,https://ev.com/vehicle/anisl8,2025CadillacEscalade IQLuxury 2,"$140,730"
Cadillac,450 mi,Coming Soon,N/A,680 HP,Up to 7,White,Harbor Blue With Backen Black Accents,SAE CCS DC fast charge connector,96 month/100000 miles,1GYTEFKL3SU102567,2025,204 kWh,https://ev.com/vehicle/j4vrw4,2025CadillacEscalade IQSport 2,"$139,815"
Cadillac,450 mi,Coming Soon,N/A,680 HP,Up to 7,Black,Harbor Blue With Backen Black Accents,SAE CCS DC fast charge connector,96 month/100000 miles,1GYTEFKL3SU103766,2025,204 kWh,https://ev.com/vehicle/sexy6n,2025CadillacEscalade IQSport 2,"$139,815"
Cadillac,450 mi,Coming Soon,N/A,680 HP,Up to 7,White,Harbor Blue With Backen Black Accents,SAE CCS DC fast charge connector,96 month/100000 miles,1GYTEFKL5SU102294,2025,204 kWh,https://ev.com/vehicle/ny71fg,2025CadillacEscalade IQSport 2,"$140,690"
Cadillac,450 mi,Coming Soon,N/A,680 HP,Up to 7,Black,Harbor Blue With Backen Black Accents,SAE CCS DC fast charge connector,96 month/100000 miles,1GYTEFKL5SU103767,2025,204 kWh,https://ev.com/vehicle/ztb9n7,2025CadillacEscalade IQSport 2,"$139,815"
Cadillac,450 mi,Coming Soon,N/A,680 HP,Up to 7,White,Camelia With Backen Black Accents,SAE CCS DC fast charge connector,96 month/100000 miles,1GYTEDKL9SU105199,2025,246 kWh,https://ev.com/vehicle/o58eu1,2025CadillacEscalade IQLuxury 2,"$143,174"
Cadillac,450 mi,Coming Soon,N/A,680 HP,Up to 7,White,Harbor Blue With Backen Black Accents,SAE CCS DC fast charge connector,96 month/100000 miles,1GYTEFKL0SU104938,2025,246 kWh,https://ev.com/vehicle/kremcb,2025CadillacEscalade IQSport 2,"$149,325"
Cadillac,450 mi,Coming Soon,N/A,680 HP,Up to 7,Black,Harbor Blu With Backen Bl,SAE CCS DC fast charge connector,96 month/100000 miles,1GYTEFKL3SU100026,2025,246 kWh,https://ev.com/vehicle/eqdxkz,2025CadillacEscalade IQSport 2,"$143,225"
Cadillac,450 mi,Coming Soon,N/A,680 HP,Up to 7,Black,Harbor Blue With Backen Black Accents,SAE CCS DC fast charge connector,96 month/100000 miles,1GYTEFKL7SU106296,2025,246 kWh,https://ev.com/vehicle/edyz2g,2025CadillacEscalade IQSport 2,"$143,675"
Cadillac,450 mi,Coming Soon,N/A,680 HP,Up to 7,Black,Harbor Blu With Backen Bl,SAE CCS DC fast charge connector,96 month/100000 miles,1GYTEFKL5SU108130,2025,246 kWh,https://ev.com/vehicle/77a6pp,2025CadillacEscalade IQSport 2 AWD,"$143,305"
Cadillac,314 mi,32 minutes,N/A,365 HP,Up to 5,White,Noir With Santorini Blue Accents,SAE CCS DC fast charge connector,96 month/100000 miles,1GYKPNRK9SZ304863,2025,102 kWh,https://ev.com/vehicle/yk9j1p,2025CadillacLYRIQLuxury w/1SC,"$42,890"
Cadillac,314 mi,32 minutes,N/A,365 HP,Up to 5,White,Noir With Santorini Blue Accents,SAE CCS DC fast charge connector,96 month/100000 miles,1GYKPNRK5SZ304911,2025,102 kWh,https://ev.com/vehicle/iwn7tz,2025CadillacLYRIQLuxury w/1SC,"$42,890"
Cadillac,314 mi,32 minutes,N/A,365 HP,Up to 5,Red,Noir With Santorini Blue Accents,SAE CCS DC fast charge connector,96 month/100000 miles,1GYKPNRK7SZ304912,2025,102 kWh,https://ev.com/vehicle/avod71,2025CadillacLYRIQLuxury w/1SC,"$42,890"
Cadillac,314 mi,32 minutes,N/A,365 HP,Up to 5,White,Noir With Santorini Blue Accents,SAE CCS DC fast charge connector,96 month/100000 miles,1GYKPNRK3SZ305216,2025,102 kWh,https://ev.com/vehicle/msn83h,2025CadillacLYRIQLuxury w/1SC,"$45,105"
Chrysler,32 mi,N/A,"38,917 mi",N/A,Up to 7,Brilliant Black Crystal Pearlcoat,Black/Alloy/Black,N/A,96 month/100000 miles,2C4RC1L76PR632501,2023,16 kWh,https://ev.com/vehicle/nspnw9,2023ChryslerPacifica HybridTouring L,"$20,082"
Chrysler,32 mi,N/A,"38,726 mi",N/A,Up to 7,Brilliant Black Crystal Pearlcoat,Black/Alloy/Black,N/A,96 month/100000 miles,2C4RC1L72PR632530,2023,16 kWh,https://ev.com/vehicle/6vqxxh,2023ChryslerPacifica HybridTouring L,"$20,656"
Chrysler,32 mi,N/A,50 mi,N/A,Up to 7,Gray,Black,N/A,96 month/100000 miles,2C4RC1S76SR536359,2025,16 kWh,https://ev.com/vehicle/grhe10,2025ChryslerPacifica HybridSelect,"$29,116"
Chrysler,32 mi,N/A,30 mi,N/A,Up to 7,Blue,Black,N/A,96 month/100000 miles,2C4RC1S77SR549993,2025,16 kWh,https://ev.com/vehicle/zbbjzj,2025ChryslerPacifica HybridSelect,"$29,116"
Chrysler,32 mi,N/A,9 mi,N/A,Up to 7,White,Black,N/A,96 month/100000 miles,2C4RC1S76SR577882,2025,16 kWh,https://ev.com/vehicle/xe8ds3,2025ChryslerPacifica HybridSelect,"$28,365"
Chrysler,32 mi,N/A,9 mi,N/A,Up to 7,White,Black,N/A,96 month/100000 miles,2C4RC1S78SR577883,2025,16 kWh,https://ev.com/vehicle/6ewmgc,2025ChryslerPacifica HybridSelect,"$28,365"
Chrysler,32 mi,N/A,"51,241 mi",N/A,Up to 7,Brilliant Black Crystal Pearlcoat,Black/Alloy/Black,N/A,96 month/100000 miles,2C4RC1L77PR522928,2023,16 kWh,https://ev.com/vehicle/wv86ah,2023ChryslerPacifica HybridTouring L,"$20,403"
Chrysler,32 mi,N/A,9 mi,N/A,Up to 7,Blue,Black,N/A,96 month/100000 miles,2C4RC1S71SR577885,2025,16 kWh,https://ev.com/vehicle/e4n0z1,2025ChryslerPacifica HybridSelect,"$28,465"
Chrysler,32 mi,N/A,13 mi,N/A,Up to 7,Blue,Black,N/A,96 month/100000 miles,2C4RC1S78SR576202,2025,16 kWh,https://ev.com/vehicle/jwrfte,2025ChryslerPacifica HybridSelect,"$31,465"
Chrysler,32 mi,N/A,24 mi,N/A,Up to 7,Blue,Black,N/A,96 month/100000 miles,2C4RC1S70SR549950,2025,16 kWh,https://ev.com/vehicle/7i41qz,2025ChryslerPacifica HybridSelect,"$24,965"
Chrysler,32 mi,N/A,13 mi,N/A,Up to 7,Black,Black,N/A,96 month/100000 miles,2C4RC1S74SR549949,2025,16 kWh,https://ev.com/vehicle/ogdl79,2025ChryslerPacifica HybridSelect,"$24,465"
Chrysler,32 mi,N/A,16 mi,N/A,Up to 7,White,Black,N/A,96 month/100000 miles,2C4RC1S75SR560491,2025,16 kWh,https://ev.com/vehicle/923kba,2025ChryslerPacifica HybridSelect,"$40,546"
Chrysler,32 mi,N/A,19 mi,N/A,Up to 7,Black,Black,N/A,96 month/100000 miles,2C4RC1S77SR560492,2025,16 kWh,https://ev.com/vehicle/ftzeky,2025ChryslerPacifica HybridSelect,"$40,546"
Chrysler,32 mi,N/A,10 mi,N/A,Up to 7,Ceramic Gray Clearcoat,Black,N/A,96 month/100000 miles,2C4RC1S77SR536354,2025,16 kWh,https://ev.com/vehicle/v83jc0,2025ChryslerPacifica HybridPremiuim S Appearance Package,"$47,815"
Chrysler,32 mi,N/A,N/A,N/A,Up to 7,Bright White Clearcoat,Black,N/A,96 month/100000 miles,2C4RC1S79SR536291,2025,16 kWh,https://ev.com/vehicle/17wilr,2025ChryslerPacifica HybridSelect,"$45,995"
Chrysler,32 mi,N/A,N/A,N/A,Up to 7,Bright White Clearcoat,Black,N/A,96 month/100000 miles,2C4RC1S75SR536353,2025,16 kWh,https://ev.com/vehicle/bixfia,2025ChryslerPacifica HybridPremiuim S Appearance Package,"$47,320"
Chrysler,32 mi,N/A,N/A,N/A,Up to 7,Fathom Blue Pearlcoat,Black,N/A,96 month/100000 miles,2C4RC1S74SR550051,2025,16 kWh,https://ev.com/vehicle/szex03,2025ChryslerPacifica HybridSelect,"$42,065"
Chrysler,32 mi,N/A,N/A,N/A,Up to 7,Bright White Clearcoat,Black,N/A,96 month/100000 miles,2C4RC1S75SR574228,2025,16 kWh,https://ev.com/vehicle/gt1jul,2025ChryslerPacifica HybridPremiuim S Appearance Package,"$51,345"
Chrysler,32 mi,N/A,"50,293 mi",N/A,Up to 7,Bright White Clearcoat,Black/Alloy/Black,N/A,96 month/100000 miles,2C4RC1L70PR579696,2023,16 kWh,https://ev.com/vehicle/8ejtt7,2023ChryslerPacifica HybridTouring L,"$20,281"
Chrysler,32 mi,N/A,5 mi,N/A,Up to 7,White,Black,N/A,96 month/100000 miles,2C4RC1S71SR563131,2025,16 kWh,https://ev.com/vehicle/3zbiyh,2025ChryslerPacifica HybridSelect,"$26,030"
Chrysler,32 mi,N/A,5 mi,N/A,Up to 7,Black,Black,N/A,96 month/100000 miles,2C4RC1S77SR564025,2025,16 kWh,https://ev.com/vehicle/3buusj,2025ChryslerPacifica HybridSelect,"$26,030"
Chrysler,32 mi,N/A,5 mi,N/A,Up to 7,White,Black,N/A,96 month/100000 miles,2C4RC1S72SR521521,2025,16 kWh,https://ev.com/vehicle/5qm2cd,2025ChryslerPacifica HybridSelect,"$37,035"
Chrysler,32 mi,N/A,5 mi,N/A,Up to 7,Black,Black,N/A,96 month/100000 miles,2C4RC1N74SR550174,2025,16 kWh,https://ev.com/vehicle/8j4z93,2025ChryslerPacifica HybridPinnacle,"$34,281"
Chrysler,32 mi,N/A,5 mi,N/A,Up to 7,Black,Black,N/A,96 month/100000 miles,2C4RC1S78SR550179,2025,16 kWh,https://ev.com/vehicle/tvc3kv,2025ChryslerPacifica HybridSelect,"$21,435"
Chrysler,32 mi,N/A,5 mi,N/A,Up to 7,White,Black,N/A,96 month/100000 miles,2C4RC1S72SR550176,2025,16 kWh,https://ev.com/vehicle/pofyl6,2025ChryslerPacifica HybridSelect,"$24,290"
Chrysler,32 mi,N/A,9 mi,N/A,Up to 7,Black,Black,N/A,96 month/100000 miles,2C4RC1S74SR550180,2025,16 kWh,https://ev.com/vehicle/o7t815,2025ChryslerPacifica HybridSelect,"$26,341"
Chrysler,32 mi,N/A,5 mi,N/A,Up to 7,White,Black,N/A,96 month/100000 miles,2C4RC1S74SR564046,2025,16 kWh,https://ev.com/vehicle/6h1dw0,2025ChryslerPacifica HybridSelect,"$24,535"
Chrysler,33 mi,N/A,"83,543 mi",N/A,Up to 7,White,Black,N/A,120 month/100000 miles,2C4RC1H78JR131044,2018,16 kWh,https://ev.com/vehicle/dydg8r,2018ChryslerPacifica HybridTouring Plus,"$7,120"
Chrysler,32 mi,N/A,"15,406 mi",N/A,Up to 7,Red,Black,N/A,96 month/100000 miles,2C4RC1S78PR584677,2023,16 kWh,https://ev.com/vehicle/vnwxzr,2023ChryslerPacifica HybridLimited,"$30,290"
Chrysler,32 mi,N/A,"23,005 mi",N/A,Up to 7,Black,Black/Alloy/Black,N/A,96 month/100000 miles,2C4RC1S75PR632698,2023,16 kWh,https://ev.com/vehicle/r2scpn,2023ChryslerPacifica HybridLimited,"$26,530"
